s_1@TE0_1@TE0_re,s_1@TE0_1@TE0_im,s_2@TE0_1@TE0_re,s_2@TE0_1@TE0_im,s_3@TE0_1@TE0_re,s_3@TE0_1@TE0_im,s_4@TE0_1@TE0_re,s_4@TE0_1@TE0_im,s_1@TE0_2@TE0_re,s_1@TE0_2@TE0_im,s_2@TE0_2@TE0_re,s_2@TE0_2@TE0_im,s_3@TE0_2@TE0_re,s_3@TE0_2@TE0_im,s_4@TE0_2@TE0_re,s_4@TE0_2@TE0_im,s_1@TE0_3@TE0_re,s_1@TE0_3@TE0_im,s_2@TE0_3@TE0_re,s_2@TE0_3@TE0_im,s_3@TE0_3@TE0_re,s_3@TE0_3@TE0_im,s_4@TE0_3@TE0_re,s_4@TE0_3@TE0_im,s_1@TE0_4@TE0_re,s_1@TE0_4@TE0_im,s_2@TE0_4@TE0_re,s_2@TE0_4@TE0_im,s_3@TE0_4@TE0_re,s_3@TE0_4@TE0_im,s_4@TE0_4@TE0_re,s_4@TE0_4@TE0_im,wavelength_μm
-0.0016722988975087,-0.0094871358550357,0.0008188147099405,-0.0085575419549002,-0.0413999833272902,0.5033871147880182,0.6228287203646832,-0.2312356559019835,0.0008188147099405,-0.0085575419549002,-0.0016722988975087,-0.0094871358550357,0.6228287203646832,-0.2312356559019835,-0.0413999833272902,0.5033871147880182,-0.0413999833272902,0.5033871147880182,0.6228287203646832,-0.2312356559019835,-0.0016722988975087,-0.0094871358550357,0.0008188147099405,-0.0085575419549002,0.6228287203646832,-0.2312356559019835,-0.0413999833272902,0.5033871147880182,0.0008188147099405,-0.0085575419549002,-0.0016722988975087,-0.0094871358550357,0.47
-0.0110061880966681,-0.0019448133790104,-0.0082396461525775,-0.0024867863849852,0.372880132814026,0.341350913252586,0.1979777414650354,-0.6333437636538808,-0.0082396461525775,-0.0024867863849852,-0.0110061880966681,-0.0019448133790104,0.1979777414650354,-0.6333437636538808,0.372880132814026,0.341350913252586,0.372880132814026,0.341350913252586,0.1979777414650354,-0.6333437636538808,-0.0110061880966681,-0.0019448133790104,-0.0082396461525775,-0.0024867863849852,0.1979777414650354,-0.6333437636538808,0.372880132814026,0.341350913252586,-0.0082396461525775,-0.0024867863849852,-0.0110061880966681,-0.0019448133790104,0.4700999999999999
-0.0054807911495488,0.0086781455096788,-0.0040802227376523,0.0076132055340587,0.4990426629064759,-0.085972524107311,-0.3788405963786446,-0.5440627602710948,-0.0040802227376523,0.0076132055340587,-0.0054807911495488,0.0086781455096788,-0.3788405963786446,-0.5440627602710948,0.4990426629064759,-0.085972524107311,0.4990426629064759,-0.085972524107311,-0.3788405963786446,-0.5440627602710948,-0.0054807911495488,0.0086781455096788,-0.0040802227376523,0.0076132055340587,-0.3788405963786446,-0.5440627602710948,0.4990426629064759,-0.085972524107311,-0.0040802227376523,0.0076132055340587,-0.0054807911495488,0.0086781455096788,0.4701999999999999
0.0059928420181935,0.0053851507132526,0.0066772279298723,0.0055273897128614,0.2376329429747283,-0.4480602828659977,-0.6619653433671702,-0.0343487550814057,0.0066772279298723,0.0055273897128614,0.0059928420181935,0.0053851507132526,-0.6619653433671702,-0.0343487550814057,0.2376329429747283,-0.4480602828659977,0.2376329429747283,-0.4480602828659977,-0.6619653433671702,-0.0343487550814057,0.0059928420181935,0.0053851507132526,0.0066772279298723,0.0055273897128614,-0.6619653433671702,-0.0343487550814057,0.2376329429747283,-0.4480602828659977,0.0066772279298723,0.0055273897128614,0.0059928420181935,0.0053851507132526,0.4703
0.0050285519251851,-0.0064908474254969,0.0067491761500238,-0.0054753739788416,-0.2092138671463929,-0.462342624792285,-0.4331216697876586,0.5020538413687738,0.0067491761500238,-0.0054753739788416,0.0050285519251851,-0.0064908474254969,-0.4331216697876586,0.5020538413687738,-0.2092138671463929,-0.462342624792285,-0.2092138671463929,-0.462342624792285,-0.4331216697876586,0.5020538413687738,0.0050285519251851,-0.0064908474254969,0.0067491761500238,-0.0054753739788416,-0.4331216697876586,0.5020538413687738,-0.2092138671463929,-0.462342624792285,0.0067491761500238,-0.0054753739788416,0.0050285519251851,-0.0064908474254969,0.4704
-0.0068264963985506,-0.0078738167644357,-0.0040746390851861,-0.0077094235318402,-0.4935099497307607,-0.1177453749124198,0.1312597815680314,0.650073144795908,-0.0040746390851861,-0.0077094235318402,-0.0068264963985506,-0.0078738167644357,0.1312597815680314,0.650073144795908,-0.4935099497307607,-0.1177453749124198,-0.4935099497307607,-0.1177453749124198,0.1312597815680314,0.650073144795908,-0.0068264963985506,-0.0078738167644357,-0.0040746390851861,-0.0077094235318402,0.1312597815680314,0.650073144795908,-0.4935099497307607,-0.1177453749124198,-0.0040746390851861,-0.0077094235318402,-0.0068264963985506,-0.0078738167644357,0.4705
-0.0105311349345042,0.0035435833130121,-0.0083947692662404,0.0025137481449648,-0.3956393710403697,0.3174276255555112,0.5938808149269327,0.2946927466982577,-0.0083947692662404,0.0025137481449648,-0.0105311349345042,0.0035435833130121,0.5938808149269327,0.2946927466982577,-0.3956393710403697,0.3174276255555112,-0.3956393710403697,0.3174276255555112,0.5938808149269327,0.2946927466982577,-0.0105311349345042,0.0035435833130121,-0.0083947692662404,0.0025137481449648,0.5938808149269327,0.2946927466982577,-0.3956393710403697,0.3174276255555112,-0.0083947692662404,0.0025137481449648,-0.0105311349345042,0.0035435833130121,0.4705999999999999
7.752314206244701e-06,0.0094829991314309,0.0008237621552258,0.0087632105536606,0.0075200147763516,0.507388361865037,0.5965470045803332,-0.2879732721289348,0.0008237621552258,0.0087632105536606,7.752314206244701e-06,0.0094829991314309,0.5965470045803332,-0.2879732721289348,0.0075200147763516,0.507388361865037,0.0075200147763516,0.507388361865037,0.5965470045803332,-0.2879732721289348,7.752314206244701e-06,0.0094829991314309,0.0008237621552258,0.0087632105536606,0.5965470045803332,-0.2879732721289348,0.0075200147763516,0.507388361865037,0.0008237621552258,0.0087632105536606,7.752314206244701e-06,0.0094829991314309,0.4706999999999999
0.0079867201092875,0.0002753336406854,0.0087675647075851,0.0009186836446356,0.4054338907514846,0.3061266044550156,0.1389824681154208,-0.6469688217253641,0.0087675647075851,0.0009186836446356,0.0079867201092875,0.0002753336406854,0.1389824681154208,-0.6469688217253641,0.4054338907514846,0.3061266044550156,0.4054338907514846,0.3061266044550156,0.1389824681154208,-0.6469688217253641,0.0079867201092875,0.0002753336406854,0.0087675647075851,0.0009186836446356,0.1389824681154208,-0.6469688217253641,0.4054338907514846,0.3061266044550156,0.0087675647075851,0.0009186836446356,0.0079867201092875,0.0002753336406854,0.4708
0.0005152393083332,-0.0094213765165442,0.0026147430725406,-0.0084144832101543,0.4913211400152756,-0.1321557157779998,-0.4244229889319763,-0.507022410623887,0.0026147430725406,-0.0084144832101543,0.0005152393083332,-0.0094213765165442,-0.4244229889319763,-0.507022410623887,0.4913211400152756,-0.1321557157779998,0.4913211400152756,-0.1321557157779998,-0.4244229889319763,-0.507022410623887,0.0005152393083332,-0.0094213765165442,0.0026147430725406,-0.0084144832101543,-0.4244229889319763,-0.507022410623887,0.4913211400152756,-0.1321557157779998,0.0026147430725406,-0.0084144832101543,0.0005152393083332,-0.0094213765165442,0.4709
-0.0104888418345481,-0.0039867209267067,-0.0077460577891334,-0.0042054684999135,0.1975541456713979,-0.4695589002280178,-0.6607170925435709,0.022601686129279,-0.0077460577891334,-0.0042054684999135,-0.0104888418345481,-0.0039867209267067,-0.6607170925435709,0.022601686129279,0.1975541456713979,-0.4695589002280178,0.1975541456713979,-0.4695589002280178,-0.6607170925435709,0.022601686129279,-0.0104888418345481,-0.0039867209267067,-0.0077460577891334,-0.0042054684999135,-0.6607170925435709,0.022601686129279,0.1975541456713979,-0.4695589002280178,-0.0077460577891334,-0.0042054684999135,-0.0104888418345481,-0.0039867209267067,0.471
-0.0072801005392882,0.0078873582617346,-0.0056576464837438,0.0067791607533089,-0.2494751890167865,-0.4444768168395287,-0.3888211804975633,0.5349524407774198,-0.0056576464837438,0.0067791607533089,-0.0072801005392882,0.0078873582617346,-0.3888211804975633,0.5349524407774198,-0.2494751890167865,-0.4444768168395287,-0.2494751890167865,-0.4444768168395287,-0.3888211804975633,0.5349524407774198,-0.0072801005392882,0.0078873582617346,-0.0056576464837438,0.0067791607533089,-0.3888211804975633,0.5349524407774198,-0.2494751890167865,-0.4444768168395287,-0.0056576464837438,0.0067791607533089,-0.0072801005392882,0.0078873582617346,0.4710999999999999
0.0050305506091995,0.0070171260023955,0.0055191928761229,0.0069059612867189,-0.5038504641401169,-0.0763607144602291,0.1827648209627213,0.6357611335445728,0.0055191928761229,0.0069059612867189,0.0050305506091995,0.0070171260023955,0.1827648209627213,0.6357611335445728,-0.5038504641401169,-0.0763607144602291,-0.5038504641401169,-0.0763607144602291,0.1827648209627213,0.6357611335445728,0.0050305506091995,0.0070171260023955,0.0055191928761229,0.0069059612867189,0.1827648209627213,0.6357611335445728,-0.5038504641401169,-0.0763607144602291,0.0055191928761229,0.0069059612867189,0.0050305506091995,0.0070171260023955,0.4711999999999999
0.0065622670155695,-0.0052839118763607,0.0078684333612506,-0.0040187631346492,-0.3702257329692092,0.3499287432347361,0.6134671280210628,0.2467675783250605,0.0078684333612506,-0.0040187631346492,0.0065622670155695,-0.0052839118763607,0.6134671280210628,0.2467675783250605,-0.3702257329692092,0.3499287432347361,-0.3702257329692092,0.3499287432347361,0.6134671280210628,0.2467675783250605,0.0065622670155695,-0.0052839118763607,0.0078684333612506,-0.0040187631346492,0.6134671280210628,0.2467675783250605,-0.3702257329692092,0.3499287432347361,0.0078684333612506,-0.0040187631346492,0.0065622670155695,-0.0052839118763607,0.4713
-0.0052430443639751,-0.0092132070986467,-0.0023646059556511,-0.0085076057021435,0.0473104534080659,0.5074150426397747,0.5714660881945094,-0.3311679615136039,-0.0023646059556511,-0.0085076057021435,-0.0052430443639751,-0.0092132070986467,0.5714660881945094,-0.3311679615136039,0.0473104534080659,0.5074150426397747,0.0473104534080659,0.5074150426397747,0.5714660881945094,-0.3311679615136039,-0.0052430443639751,-0.0092132070986467,-0.0023646059556511,-0.0085076057021435,0.5714660881945094,-0.3311679615136039,0.0473104534080659,0.5074150426397747,-0.0023646059556511,-0.0085076057021435,-0.0052430443639751,-0.0092132070986467,0.4714
-0.0114489984168219,0.001584033848292,-0.0088214063676087,0.0006179563483963,0.429251679861925,0.2760166827114986,0.0914949417117777,-0.6533145967817937,-0.0088214063676087,0.0006179563483963,-0.0114489984168219,0.001584033848292,0.0914949417117777,-0.6533145967817937,0.429251679861925,0.2760166827114986,0.429251679861925,0.2760166827114986,0.0914949417117777,-0.6533145967817937,-0.0114489984168219,0.001584033848292,-0.0088214063676087,0.0006179563483963,0.0914949417117777,-0.6533145967817937,0.429251679861925,0.2760166827114986,-0.0088214063676087,0.0006179563483963,-0.0114489984168219,0.001584033848292,0.4715
-0.002136118965279,0.0098058397609163,-0.0011770332818965,0.0087879935485191,0.4827440656422652,-0.1683639081395226,-0.4572727862795354,-0.4749892781872528,-0.0011770332818965,0.0087879935485191,-0.002136118965279,0.0098058397609163,-0.4572727862795354,-0.4749892781872528,0.4827440656422652,-0.1683639081395226,0.4827440656422652,-0.1683639081395226,-0.4572727862795354,-0.4749892781872528,-0.002136118965279,0.0098058397609163,-0.0011770332818965,0.0087879935485191,-0.4572727862795354,-0.4749892781872528,0.4827440656422652,-0.1683639081395226,-0.0011770332818965,0.0087879935485191,-0.002136118965279,0.0098058397609163,0.4715999999999999
0.0077363526676223,0.0023556386020784,0.0083783733313986,0.0029406018456058,0.1647309834572189,-0.484615375202814,-0.6561148931275314,0.0665089651138474,0.0083783733313986,0.0029406018456058,0.0077363526676223,0.0023556386020784,-0.6561148931275314,0.0665089651138474,0.1647309834572189,-0.484615375202814,0.1647309834572189,-0.484615375202814,-0.6561148931275314,0.0665089651138474,0.0077363526676223,0.0023556386020784,0.0083783733313986,0.0029406018456058,-0.6561148931275314,0.0665089651138474,0.1647309834572189,-0.484615375202814,0.0083783733313986,0.0029406018456058,0.0077363526676223,0.0023556386020784,0.4716999999999999
0.0024198987788069,-0.0087617021609676,0.004573055511807,-0.0076125767892392,-0.2802698439330423,-0.4283070891004694,-0.352670500170876,0.5575862065907277,0.004573055511807,-0.0076125767892392,0.0024198987788069,-0.0087617021609676,-0.352670500170876,0.5575862065907277,-0.2802698439330423,-0.4283070891004694,-0.2802698439330423,-0.4283070891004694,-0.352670500170876,0.5575862065907277,0.0024198987788069,-0.0087617021609676,0.004573055511807,-0.0076125767892392,-0.352670500170876,0.5575862065907277,-0.2802698439330423,-0.4283070891004694,0.004573055511807,-0.0076125767892392,0.0024198987788069,-0.0087617021609676,0.4718
-0.0095261977528936,-0.005779286042006,-0.0065461776696133,-0.0060137718606028,-0.5097119223485946,-0.0437347801747739,0.2212570673955304,0.6215026383557487,-0.0065461776696133,-0.0060137718606028,-0.0095261977528936,-0.005779286042006,0.2212570673955304,0.6215026383557487,-0.5097119223485946,-0.0437347801747739,-0.5097119223485946,-0.0437347801747739,0.2212570673955304,0.6215026383557487,-0.0095261977528936,-0.005779286042006,-0.0065461776696133,-0.0060137718606028,0.2212570673955304,0.6215026383557487,-0.5097119223485946,-0.0437347801747739,-0.0065461776696133,-0.0060137718606028,-0.0095261977528936,-0.005779286042006,0.4719
-0.0090303890962615,0.0065470838183297,-0.0072298724413885,0.0052123280952561,-0.3494273125361132,0.3736128812970782,0.625064954985133,0.2093928630274126,-0.0072298724413885,0.0052123280952561,-0.0090303890962615,0.0065470838183297,0.625064954985133,0.2093928630274126,-0.3494273125361132,0.3736128812970782,-0.3494273125361132,0.3736128812970782,0.625064954985133,0.2093928630274126,-0.0090303890962615,0.0065470838183297,-0.0072298724413885,0.0052123280952561,0.625064954985133,0.2093928630274126,-0.3494273125361132,0.3736128812970782,-0.0072298724413885,0.0052123280952561,-0.0090303890962615,0.0065470838183297,0.472
0.0031679049269863,0.0086132550974803,0.0036343065502779,0.0081603378336137,0.0774976333072893,0.50612886483929,0.5502907295072919,-0.3615993840169992,0.0036343065502779,0.0081603378336137,0.0031679049269863,0.0086132550974803,0.5502907295072919,-0.3615993840169992,0.0774976333072893,0.50612886483929,0.0774976333072893,0.50612886483929,0.5502907295072919,-0.3615993840169992,0.0031679049269863,0.0086132550974803,0.0036343065502779,0.0081603378336137,0.5502907295072919,-0.3615993840169992,0.0774976333072893,0.50612886483929,0.0036343065502779,0.0081603378336137,0.0031679049269863,0.0086132550974803,0.4720999999999999
0.007740378413367,-0.0029100934063695,0.0087321889699365,-0.0018834452308088,0.4464021325374127,0.2524453493767591,0.0563897961611048,-0.6554296210604571,0.0087321889699365,-0.0018834452308088,0.007740378413367,-0.0029100934063695,0.0563897961611048,-0.6554296210604571,0.4464021325374127,0.2524453493767591,0.4464021325374127,0.2524453493767591,0.0563897961611048,-0.6554296210604571,0.007740378413367,-0.0029100934063695,0.0087321889699365,-0.0018834452308088,0.0563897961611048,-0.6554296210604571,0.4464021325374127,0.2524453493767591,0.0087321889699365,-0.0018834452308088,0.007740378413367,-0.0029100934063695,0.4721999999999999
-0.002589569049402,-0.0097834874818862,-6.416416910819695e-05,-0.0089241051053925,0.4750252960158779,-0.1952571059971898,-0.4795434850081998,-0.4499890241266489,-6.416416910819695e-05,-0.0089241051053925,-0.002589569049402,-0.0097834874818862,-0.4795434850081998,-0.4499890241266489,0.4750252960158779,-0.1952571059971898,0.4750252960158779,-0.1952571059971898,-0.4795434850081998,-0.4499890241266489,-0.002589569049402,-0.0097834874818862,-6.416416910819695e-05,-0.0089241051053925,-0.4795434850081998,-0.4499890241266489,0.4750252960158779,-0.1952571059971898,-6.416416910819695e-05,-0.0089241051053925,-0.002589569049402,-0.0097834874818862,0.4723
-0.0114464208138659,-0.0010783655806977,-0.0087570962400895,-0.0017512404555555,0.1401071426641209,-0.4945153959079242,-0.6504111993907323,0.0978293694703805,-0.0087570962400895,-0.0017512404555555,-0.0114464208138659,-0.0010783655806977,-0.6504111993907323,0.0978293694703805,0.1401071426641209,-0.4945153959079242,0.1401071426641209,-0.4945153959079242,-0.6504111993907323,0.0978293694703805,-0.0114464208138659,-0.0010783655806977,-0.0087570962400895,-0.0017512404555555,-0.6504111993907323,0.0978293694703805,0.1401071426641209,-0.4945153959079242,-0.0087570962400895,-0.0017512404555555,-0.0114464208138659,-0.0010783655806977,0.4724
-0.0047021287965651,0.0093889744645951,-0.0035169829730492,0.0082324486799649,-0.3019771415543457,-0.4159089254114256,-0.3259776935894675,0.5714992171630914,-0.0035169829730492,0.0082324486799649,-0.0047021287965651,0.0093889744645951,-0.3259776935894675,0.5714992171630914,-0.3019771415543457,-0.4159089254114256,-0.3019771415543457,-0.4159089254114256,-0.3259776935894675,0.5714992171630914,-0.0047021287965651,0.0093889744645951,-0.0035169829730492,0.0082324486799649,-0.3259776935894675,0.5714992171630914,-0.3019771415543457,-0.4159089254114256,-0.0035169829730492,0.0082324486799649,-0.0047021287965651,0.0093889744645951,0.4725
0.0069715222558911,0.0048751626511106,0.0073385083090566,0.0051549536592976,-0.5133951684120236,-0.0204580698038353,0.2470075732641323,0.6097234191050113,0.0073385083090566,0.0051549536592976,0.0069715222558911,0.0048751626511106,0.2470075732641323,0.6097234191050113,-0.5133951684120236,-0.0204580698038353,-0.5133951684120236,-0.0204580698038353,0.2470075732641323,0.6097234191050113,0.0069715222558911,0.0048751626511106,0.0073385083090566,0.0051549536592976,0.2470075732641323,0.6097234191050113,-0.5133951684120236,-0.0204580698038353,0.0073385083090566,0.0051549536592976,0.0069715222558911,0.0048751626511106,0.4725999999999999
0.0049080689486537,-0.0075502270596783,0.00656325223391,-0.0061113667649189,-0.3344628350286946,0.3900645249727323,0.6311695145618186,0.1835669180335337,0.00656325223391,-0.0061113667649189,0.0049080689486537,-0.0075502270596783,0.6311695145618186,0.1835669180335337,-0.3344628350286946,0.3900645249727323,-0.3344628350286946,0.3900645249727323,0.6311695145618186,0.1835669180335337,0.0049080689486537,-0.0075502270596783,0.00656325223391,-0.0061113667649189,0.6311695145618186,0.1835669180335337,-0.3344628350286946,0.3900645249727323,0.00656325223391,-0.0061113667649189,0.0049080689486537,-0.0075502270596783,0.4726999999999999
-0.0077406456357083,-0.0080778180136246,-0.0046299169088827,-0.0076789319117154,0.0983625294515225,0.5048071648504988,0.5347691951986355,-0.3808379949579113,-0.0046299169088827,-0.0076789319117154,-0.0077406456357083,-0.0080778180136246,0.5347691951986355,-0.3808379949579113,0.0983625294515225,0.5048071648504988,0.0983625294515225,0.5048071648504988,0.5347691951986355,-0.3808379949579113,-0.0077406456357083,-0.0080778180136246,-0.0046299169088827,-0.0076789319117154,0.5347691951986355,-0.3808379949579113,0.0983625294515225,0.5048071648504988,-0.0046299169088827,-0.0076789319117154,-0.0077406456357083,-0.0080778180136246,0.4728
-0.0108655715370057,0.0042128888072528,-0.0084773359546251,0.0029564209244617,0.4576811966868163,0.2364496927021143,0.0335613053048998,-0.6550368427740207,-0.0084773359546251,0.0029564209244617,-0.0108655715370057,0.0042128888072528,0.0335613053048998,-0.6550368427740207,0.4576811966868163,0.2364496927021143,0.4576811966868163,0.2364496927021143,0.0335613053048998,-0.6550368427740207,-0.0108655715370057,0.0042128888072528,-0.0084773359546251,0.0029564209244617,0.0335613053048998,-0.6550368427740207,0.4576811966868163,0.2364496927021143,-0.0084773359546251,0.0029564209244617,-0.0108655715370057,0.0042128888072528,0.4729
0.0005014128026631,0.0097822927488653,0.0011376966864018,0.0089188143513988,0.4699961714068005,-0.2128630513588809,-0.4922434966006416,-0.4332839859725263,0.0011376966864018,0.0089188143513988,0.0005014128026631,0.0097822927488653,-0.4922434966006416,-0.4332839859725263,0.4699961714068005,-0.2128630513588809,0.4699961714068005,-0.2128630513588809,-0.4922434966006416,-0.4332839859725263,0.0005014128026631,0.0097822927488653,0.0011376966864018,0.0089188143513988,-0.4922434966006416,-0.4332839859725263,0.4699961714068005,-0.2128630513588809,0.0011376966864018,0.0089188143513988,0.0005014128026631,0.0097822927488653,0.473
0.0082390275695578,-0.000175153533911,0.0089557896832665,0.0007439998471602,0.1243596504539469,-0.5010781830633516,-0.6455975499595347,0.1165281567027782,0.0089557896832665,0.0007439998471602,0.0082390275695578,-0.000175153533911,-0.6455975499595347,0.1165281567027782,0.1243596504539469,-0.5010781830633516,0.1243596504539469,-0.5010781830633516,-0.6455975499595347,0.1165281567027782,0.0082390275695578,-0.000175153533911,0.0089557896832665,0.0007439998471602,-0.6455975499595347,0.1165281567027782,0.1243596504539469,-0.5010781830633516,0.0089557896832665,0.0007439998471602,0.0082390275695578,-0.000175153533911,0.4730999999999999
8.7562769410684e-05,-0.0097418400483284,0.0025812187268939,-0.0085875042652882,-0.3156703538738027,-0.4083112190023623,-0.3096907091122502,0.5785404932070778,0.0025812187268939,-0.0085875042652882,8.7562769410684e-05,-0.0097418400483284,-0.3096907091122502,0.5785404932070778,-0.3156703538738027,-0.4083112190023623,-0.3156703538738027,-0.4083112190023623,-0.3096907091122502,0.5785404932070778,8.7562769410684e-05,-0.0097418400483284,0.0025812187268939,-0.0085875042652882,-0.3096907091122502,0.5785404932070778,-0.3156703538738027,-0.4083112190023623,0.0025812187268939,-0.0085875042652882,8.7562769410684e-05,-0.0097418400483284,0.4731999999999999
-0.0109289341250899,-0.0037358555884636,-0.0078518972557244,-0.004297979399387,-0.5158179199324944,-0.0065667122451632,0.2609957951030427,0.6017998943180304,-0.0078518972557244,-0.004297979399387,-0.0109289341250899,-0.0037358555884636,0.2609957951030427,0.6017998943180304,-0.5158179199324944,-0.0065667122451632,-0.5158179199324944,-0.0065667122451632,0.2609957951030427,0.6017998943180304,-0.0109289341250899,-0.0037358555884636,-0.0078518972557244,-0.004297979399387,0.2609957951030427,0.6017998943180304,-0.5158179199324944,-0.0065667122451632,-0.0078518972557244,-0.004297979399387,-0.0109289341250899,-0.0037358555884636,0.4733
-0.0073628098500562,0.0082836090853354,-0.0058425381012504,0.0067713060011799,-0.3263519706911144,0.3997270901182053,0.632987756433137,0.1694797206066571,-0.0058425381012504,0.0067713060011799,-0.0073628098500562,0.0082836090853354,0.632987756433137,0.1694797206066571,-0.3263519706911144,0.3997270901182053,-0.3263519706911144,0.3997270901182053,0.632987756433137,0.1694797206066571,-0.0073628098500562,0.0082836090853354,-0.0058425381012504,0.0067713060011799,0.632987756433137,0.1694797206066571,-0.3263519706911144,0.3997270901182053,-0.0058425381012504,0.0067713060011799,-0.0073628098500562,0.0082836090853354,0.4734
0.0051212635143951,0.0073641602650683,0.005363630168647,0.007135391716929,0.1097572343364562,0.5049342731246428,0.5260556912691254,-0.3894720312997596,0.005363630168647,0.007135391716929,0.0051212635143951,0.0073641602650683,0.5260556912691254,-0.3894720312997596,0.1097572343364562,0.5049342731246428,0.1097572343364562,0.5049342731246428,0.5260556912691254,-0.3894720312997596,0.0051212635143951,0.0073641602650683,0.005363630168647,0.007135391716929,0.5260556912691254,-0.3894720312997596,0.1097572343364562,0.5049342731246428,0.005363630168647,0.007135391716929,0.0051212635143951,0.0073641602650683,0.4735
0.0069081034296574,-0.004985913754473,0.0080860399369188,-0.0036983307879032,0.4643788763136192,0.2286168899928464,0.0231727711278136,-0.6536840317552453,0.0080860399369188,-0.0036983307879032,0.0069081034296574,-0.004985913754473,0.0231727711278136,-0.6536840317552453,0.4643788763136192,0.2286168899928464,0.4643788763136192,0.2286168899928464,0.0231727711278136,-0.6536840317552453,0.0069081034296574,-0.004985913754473,0.0080860399369188,-0.0036983307879032,0.0231727711278136,-0.6536840317552453,0.4643788763136192,0.2286168899928464,0.0080860399369188,-0.0036983307879032,0.0069081034296574,-0.004985913754473,0.4735999999999999
-0.0047224620351049,-0.0093748077959532,-0.0018807604007819,-0.0086564161535333,0.468361833787645,-0.221767008490111,-0.4966535940722951,-0.4255938202497368,-0.0018807604007819,-0.0086564161535333,-0.0047224620351049,-0.0093748077959532,-0.4966535940722951,-0.4255938202497368,0.468361833787645,-0.221767008490111,0.468361833787645,-0.221767008490111,-0.4966535940722951,-0.4255938202497368,-0.0047224620351049,-0.0093748077959532,-0.0018807604007819,-0.0086564161535333,-0.4966535940722951,-0.4255938202497368,0.468361833787645,-0.221767008490111,-0.0018807604007819,-0.0086564161535333,-0.0047224620351049,-0.0093748077959532,0.4736999999999999
-0.0114838656079917,0.0010212353879446,-0.008850857711666,-1.3664232292992725e-05,0.1177715941965818,-0.5048022722722116,-0.6425585179019789,0.1231487391638535,-0.008850857711666,-1.3664232292992725e-05,-0.0114838656079917,0.0010212353879446,-0.6425585179019789,0.1231487391638535,0.1177715941965818,-0.5048022722722116,0.1177715941965818,-0.5048022722722116,-0.6425585179019789,0.1231487391638535,-0.0114838656079917,0.0010212353879446,-0.008850857711666,-1.3664232292992725e-05,-0.6425585179019789,0.1231487391638535,0.1177715941965818,-0.5048022722722116,-0.008850857711666,-1.3664232292992725e-05,-0.0114838656079917,0.0010212353879446,0.4738
-0.0027602956338141,0.009850493607196,-0.0019324619031569,0.0086528287146684,-0.3214628094522146,-0.4064510930664666,-0.3041177161659519,0.579371340075672,-0.0019324619031569,0.0086528287146684,-0.0027602956338141,0.009850493607196,-0.3041177161659519,0.579371340075672,-0.3214628094522146,-0.4064510930664666,-0.3214628094522146,-0.4064510930664666,-0.3041177161659519,0.579371340075672,-0.0027602956338141,0.009850493607196,-0.0019324619031569,0.0086528287146684,-0.3041177161659519,0.579371340075672,-0.3214628094522146,-0.4064510930664666,-0.0019324619031569,0.0086528287146684,-0.0027602956338141,0.009850493607196,0.4739
0.0077723601484834,0.003183561051797,0.0080341184435497,0.0037840642091377,-0.518112271156653,-0.0023010836522089,0.2634433810816782,0.5986540326091659,0.0080341184435497,0.0037840642091377,0.0077723601484834,0.003183561051797,0.2634433810816782,0.5986540326091659,-0.518112271156653,-0.0023010836522089,-0.518112271156653,-0.0023010836522089,0.2634433810816782,0.5986540326091659,0.0077723601484834,0.003183561051797,0.0080341184435497,0.0037840642091377,0.2634433810816782,0.5986540326091659,-0.518112271156653,-0.0023010836522089,0.0080341184435497,0.0037840642091377,0.0077723601484834,0.003183561051797,0.474
0.0034968471510157,-0.0086061814281359,0.0054478777346031,-0.0070215427738081,-0.3254909392101058,0.4034464497724946,0.6316156993247503,0.1673297307723749,0.0054478777346031,-0.0070215427738081,0.0034968471510157,-0.0086061814281359,0.6316156993247503,0.1673297307723749,-0.3254909392101058,0.4034464497724946,-0.3254909392101058,0.4034464497724946,0.6316156993247503,0.1673297307723749,0.0034968471510157,-0.0086061814281359,0.0054478777346031,-0.0070215427738081,0.6316156993247503,0.1673297307723749,-0.3254909392101058,0.4034464497724946,0.0054478777346031,-0.0070215427738081,0.0034968471510157,-0.0086061814281359,0.4740999999999999
-0.0090036563139836,-0.0069675387082613,-0.0056928345321395,-0.0068444607971267,0.1119431899609145,0.506819168313632,0.5245691556649612,-0.3883407494761887,-0.0056928345321395,-0.0068444607971267,-0.0090036563139836,-0.0069675387082613,0.5245691556649612,-0.3883407494761887,0.1119431899609145,0.506819168313632,0.1119431899609145,0.506819168313632,0.5245691556649612,-0.3883407494761887,-0.0090036563139836,-0.0069675387082613,-0.0056928345321395,-0.0068444607971267,0.5245691556649612,-0.3883407494761887,0.1119431899609145,0.506819168313632,-0.0056928345321395,-0.0068444607971267,-0.0090036563139836,-0.0069675387082613,0.4741999999999999
-0.0100990706598183,0.0056262926537641,-0.0079378252776042,0.0041100102899884,0.4665606803114259,0.2292852111097572,0.0248925679244789,-0.6517630603450298,-0.0079378252776042,0.0041100102899884,-0.0100990706598183,0.0056262926537641,0.0248925679244789,-0.6517630603450298,0.4665606803114259,0.2292852111097572,0.4665606803114259,0.2292852111097572,0.0248925679244789,-0.6517630603450298,-0.0100990706598183,0.0056262926537641,-0.0079378252776042,0.0041100102899884,0.0248925679244789,-0.6517630603450298,0.4665606803114259,0.2292852111097572,-0.0079378252776042,0.0041100102899884,-0.0100990706598183,0.0056262926537641,0.4743
0.0019727587535572,0.0093813036468861,0.0023167689411004,0.0086756199224698,0.4708288429409152,-0.2217962453174736,-0.4929757164199589,-0.4271024187519994,0.0023167689411004,0.0086756199224698,0.0019727587535572,0.0093813036468861,-0.4929757164199589,-0.4271024187519994,0.4708288429409152,-0.2217962453174736,0.4708288429409152,-0.2217962453174736,-0.4929757164199589,-0.4271024187519994,0.0019727587535572,0.0093813036468861,0.0023167689411004,0.0086756199224698,-0.4929757164199589,-0.4271024187519994,0.4708288429409152,-0.2217962453174736,0.0023167689411004,0.0086756199224698,0.0019727587535572,0.0093813036468861,0.4744
0.0081779569103281,-0.0016193575207925,0.0089917616205854,-0.0003962214300536,0.1206057058522695,-0.5064231602218914,-0.6418113044865174,0.1176899767919422,0.0089917616205854,-0.0003962214300536,0.0081779569103281,-0.0016193575207925,-0.6418113044865174,0.1176899767919422,0.1206057058522695,-0.5064231602218914,0.1206057058522695,-0.5064231602218914,-0.6418113044865174,0.1176899767919422,0.0081779569103281,-0.0016193575207925,0.0089917616205854,-0.0003962214300536,-0.6418113044865174,0.1176899767919422,0.1206057058522695,-0.5064231602218914,0.0089917616205854,-0.0003962214300536,0.0081779569103281,-0.0016193575207925,0.4745
-0.0012765114534291,-0.0099869317074048,0.0015331626384857,-0.0088681215645893,-0.3198363779749218,-0.410486730572848,-0.309355020341136,0.5745917761124838,0.0015331626384857,-0.0088681215645893,-0.0012765114534291,-0.0099869317074048,-0.309355020341136,0.5745917761124838,-0.3198363779749218,-0.410486730572848,-0.3198363779749218,-0.410486730572848,-0.309355020341136,0.5745917761124838,-0.0012765114534291,-0.0099869317074048,0.0015331626384857,-0.0088681215645893,-0.309355020341136,0.5745917761124838,-0.3198363779749218,-0.410486730572848,0.0015331626384857,-0.0088681215645893,-0.0012765114534291,-0.0099869317074048,0.4745999999999999
-0.0114549548981279,-0.0025083816079861,-0.008334473091332,-0.0033798064181828,-0.520210254862469,-0.0075477570499364,0.2548339916635909,0.6003437997057803,-0.008334473091332,-0.0033798064181828,-0.0114549548981279,-0.0025083816079861,0.2548339916635909,0.6003437997057803,-0.520210254862469,-0.0075477570499364,-0.520210254862469,-0.0075477570499364,0.2548339916635909,0.6003437997057803,-0.0114549548981279,-0.0025083816079861,-0.008334473091332,-0.0033798064181828,0.2548339916635909,0.6003437997057803,-0.520210254862469,-0.0075477570499364,-0.008334473091332,-0.0033798064181828,-0.0114549548981279,-0.0025083816079861,0.4746999999999999
-0.0063373761345237,0.0090335761318796,-0.0050803868256448,0.0074110404304509,-0.3320686051276735,0.4009552641838952,0.6270136464057426,0.1768369689943444,-0.0050803868256448,0.0074110404304509,-0.0063373761345237,0.0090335761318796,0.6270136464057426,0.1768369689943444,-0.3320686051276735,0.4009552641838952,-0.3320686051276735,0.4009552641838952,0.6270136464057426,0.1768369689943444,-0.0063373761345237,0.0090335761318796,-0.0050803868256448,0.0074110404304509,0.6270136464057426,0.1768369689943444,-0.3320686051276735,0.4009552641838952,-0.0050803868256448,0.0074110404304509,-0.0063373761345237,0.0090335761318796,0.4748
0.0060062463824112,0.0065626886710555,0.0061123266487286,0.0065464209664449,0.1046179423316032,0.5107806459661163,0.5302228757898291,-0.3773641479390883,0.0061123266487286,0.0065464209664449,0.0060062463824112,0.0065626886710555,0.5302228757898291,-0.3773641479390883,0.1046179423316032,0.5107806459661163,0.1046179423316032,0.5107806459661163,0.5302228757898291,-0.3773641479390883,0.0060062463824112,0.0065626886710555,0.0061123266487286,0.0065464209664449,0.5302228757898291,-0.3773641479390883,0.1046179423316032,0.5107806459661163,0.0061123266487286,0.0065464209664449,0.0060062463824112,0.0065626886710555,0.4749
0.0063054244185348,-0.0059489299777389,0.0076749355307791,-0.0045044515178543,0.4645072367371693,0.2385839189163886,0.0387076574007665,-0.6493325989675579,0.0076749355307791,-0.0045044515178543,0.0063054244185348,-0.0059489299777389,0.0387076574007665,-0.6493325989675579,0.4645072367371693,0.2385839189163886,0.4645072367371693,0.2385839189163886,0.0387076574007665,-0.6493325989675579,0.0063054244185348,-0.0059489299777389,0.0076749355307791,-0.0045044515178543,0.0387076574007665,-0.6493325989675579,0.4645072367371693,0.2385839189163886,0.0076749355307791,-0.0045044515178543,0.0063054244185348,-0.0059489299777389,0.475
-0.005747998674855,-0.0089680784325982,-0.0026953770307826,-0.0084133429867823,0.4772271727243828,-0.2131124406611286,-0.4813843863756222,-0.4375941694257247,-0.0026953770307826,-0.0084133429867823,-0.005747998674855,-0.0089680784325982,-0.4813843863756222,-0.4375941694257247,0.4772271727243828,-0.2131124406611286,0.4772271727243828,-0.2131124406611286,-0.4813843863756222,-0.4375941694257247,-0.005747998674855,-0.0089680784325982,-0.0026953770307826,-0.0084133429867823,-0.4813843863756222,-0.4375941694257247,0.4772271727243828,-0.2131124406611286,-0.0026953770307826,-0.0084133429867823,-0.005747998674855,-0.0089680784325982,0.4750999999999999
-0.0113053007197561,0.0020621202437638,-0.008755157972462,0.0007682390419658,0.1327975061987298,-0.5055159610272293,-0.6429497399148221,0.1004428675739657,-0.008755157972462,0.0007682390419658,-0.0113053007197561,0.0020621202437638,-0.6429497399148221,0.1004428675739657,0.1327975061987298,-0.5055159610272293,0.1327975061987298,-0.5055159610272293,-0.6429497399148221,0.1004428675739657,-0.0113053007197561,0.0020621202437638,-0.008755157972462,0.0007682390419658,-0.6429497399148221,0.1004428675739657,0.1327975061987298,-0.5055159610272293,-0.008755157972462,0.0007682390419658,-0.0113053007197561,0.0020621202437638,0.4751999999999999
-0.0017994351240818,0.0098876697861835,-0.0012162836478107,0.008676614875926,-0.3103230145331102,-0.4203776047228195,-0.3250010875928713,0.5637698291943392,-0.0012162836478107,0.008676614875926,-0.0017994351240818,0.0098876697861835,-0.3250010875928713,0.5637698291943392,-0.3103230145331102,-0.4203776047228195,-0.3103230145331102,-0.4203776047228195,-0.3250010875928713,0.5637698291943392,-0.0017994351240818,0.0098876697861835,-0.0012162836478107,0.008676614875926,-0.3250010875928713,0.5637698291943392,-0.3103230145331102,-0.4203776047228195,-0.0012162836478107,0.008676614875926,-0.0017994351240818,0.0098876697861835,0.4752999999999999
0.0079422234160621,0.0023603013349245,0.0081430205107945,0.003157222254559,-0.5220476785848472,-0.0225397980312616,0.2349619274939018,0.6064227637445185,0.0081430205107945,0.003157222254559,0.0079422234160621,0.0023603013349245,0.2349619274939018,0.6064227637445185,-0.5220476785848472,-0.0225397980312616,-0.5220476785848472,-0.0225397980312616,0.2349619274939018,0.6064227637445185,0.0079422234160621,0.0023603013349245,0.0081430205107945,0.003157222254559,0.2349619274939018,0.6064227637445185,-0.5220476785848472,-0.0225397980312616,0.0081430205107945,0.003157222254559,0.0079422234160621,0.0023603013349245,0.4754
0.002791730092025,-0.008840322959865,0.0049211180512486,-0.0071781150483605,-0.3458896663923483,0.3921930346249694,0.6188373290525043,0.1977781929942544,0.0049211180512486,-0.0071781150483605,0.002791730092025,-0.008840322959865,0.6188373290525043,0.1977781929942544,-0.3458896663923483,0.3921930346249694,-0.3458896663923483,0.3921930346249694,0.6188373290525043,0.1977781929942544,0.002791730092025,-0.008840322959865,0.0049211180512486,-0.0071781150483605,0.6188373290525043,0.1977781929942544,-0.3458896663923483,0.3921930346249694,0.0049211180512486,-0.0071781150483605,0.002791730092025,-0.008840322959865,0.4755
-0.0092965024859924,-0.0063606768034926,-0.0058632113136034,-0.0064163856549173,0.0878140682730212,0.5162095437974725,0.5423481720423164,-0.3564867600554395,-0.0058632113136034,-0.0064163856549173,-0.0092965024859924,-0.0063606768034926,0.5423481720423164,-0.3564867600554395,0.0878140682730212,0.5162095437974725,0.0878140682730212,0.5162095437974725,0.5423481720423164,-0.3564867600554395,-0.0092965024859924,-0.0063606768034926,-0.0058632113136034,-0.0064163856549173,0.5423481720423164,-0.3564867600554395,0.0878140682730212,0.5162095437974725,-0.0058632113136034,-0.0064163856549173,-0.0092965024859924,-0.0063606768034926,0.4755999999999999
-0.0096190959846999,0.0059679048395468,-0.0076002480437618,0.0042661778422358,0.4574423465433573,0.2563050142529209,0.0642560090627156,-0.6455041023059117,-0.0076002480437618,0.0042661778422358,-0.0096190959846999,0.0059679048395468,0.0642560090627156,-0.6455041023059117,0.4574423465433573,0.2563050142529209,0.4574423465433573,0.2563050142529209,0.0642560090627156,-0.6455041023059117,-0.0096190959846999,0.0059679048395468,-0.0076002480437618,0.0042661778422358,0.0642560090627156,-0.6455041023059117,0.4574423465433573,0.2563050142529209,-0.0076002480437618,0.0042661778422358,-0.0096190959846999,0.0059679048395468,0.4756999999999999
0.0023029444702836,0.0090428937849648,0.0024337583975393,0.008414916020002,0.4871796057885216,-0.1951522654603676,-0.4611678308298875,-0.4563223166962165,0.0024337583975393,0.008414916020002,0.0023029444702836,0.0090428937849648,-0.4611678308298875,-0.4563223166962165,0.4871796057885216,-0.1951522654603676,0.4871796057885216,-0.1951522654603676,-0.4611678308298875,-0.4563223166962165,0.0023029444702836,0.0090428937849648,0.0024337583975393,0.008414916020002,-0.4611678308298875,-0.4563223166962165,0.4871796057885216,-0.1951522654603676,0.0024337583975393,0.008414916020002,0.0023029444702836,0.0090428937849648,0.4757999999999999
0.0079376417591092,-0.001888377714248,0.0087849706132887,-0.0004537105630519,0.1543684219084284,-0.5016670769218516,-0.6450794604775348,0.0712606580065129,0.0087849706132887,-0.0004537105630519,0.0079376417591092,-0.001888377714248,-0.6450794604775348,0.0712606580065129,0.1543684219084284,-0.5016670769218516,0.1543684219084284,-0.5016670769218516,-0.6450794604775348,0.0712606580065129,0.0079376417591092,-0.001888377714248,0.0087849706132887,-0.0004537105630519,-0.6450794604775348,0.0712606580065129,0.1543684219084284,-0.5016670769218516,0.0087849706132887,-0.0004537105630519,0.0079376417591092,-0.001888377714248,0.4759
-0.0014880856075783,-0.0098005379699893,0.001542909538421,-0.0086841262466302,-0.2926915532697471,-0.4355053479228657,-0.350464784105526,0.546242558700001,0.001542909538421,-0.0086841262466302,-0.0014880856075783,-0.0098005379699893,-0.350464784105526,0.546242558700001,-0.2926915532697471,-0.4355053479228657,-0.2926915532697471,-0.4355053479228657,-0.350464784105526,0.546242558700001,-0.0014880856075783,-0.0098005379699893,0.001542909538421,-0.0086841262466302,-0.350464784105526,0.546242558700001,-0.2926915532697471,-0.4355053479228657,0.001542909538421,-0.0086841262466302,-0.0014880856075783,-0.0098005379699893,0.476
-0.0113152945485515,-0.0023507539265839,-0.0081435232382093,-0.0034487358844551,-0.5225809063664746,-0.0471316089679046,0.2037573132892251,0.6157314479390066,-0.0081435232382093,-0.0034487358844551,-0.0113152945485515,-0.0023507539265839,0.2037573132892251,0.6157314479390066,-0.5225809063664746,-0.0471316089679046,-0.5225809063664746,-0.0471316089679046,0.2037573132892251,0.6157314479390066,-0.0113152945485515,-0.0023507539265839,-0.0081435232382093,-0.0034487358844551,0.2037573132892251,0.6157314479390066,-0.5225809063664746,-0.0471316089679046,-0.0081435232382093,-0.0034487358844551,-0.0113152945485515,-0.0023507539265839,0.4760999999999999
-0.0062586764984038,0.0089152590620259,-0.0051911396852663,0.0071915635780637,-0.3663879447936802,0.3761472633309471,0.6058386314496865,0.2294758169890482,-0.0051911396852663,0.0071915635780637,-0.0062586764984038,0.0089152590620259,0.6058386314496865,0.2294758169890482,-0.3663879447936802,0.3761472633309471,-0.3663879447936802,0.3761472633309471,0.6058386314496865,0.2294758169890482,-0.0062586764984038,0.0089152590620259,-0.0051911396852663,0.0071915635780637,0.6058386314496865,0.2294758169890482,-0.3663879447936802,0.3761472633309471,-0.0051911396852663,0.0071915635780637,-0.0062586764984038,0.0089152590620259,0.4761999999999999
0.0058445404975404,0.0065515929804479,0.005848486114493,0.0066782066684692,0.0610462618279892,0.5222936637365252,0.5596960905031763,-0.3249648087548112,0.005848486114493,0.0066782066684692,0.0058445404975404,0.0065515929804479,0.5596960905031763,-0.3249648087548112,0.0610462618279892,0.5222936637365252,0.0610462618279892,0.5222936637365252,0.5596960905031763,-0.3249648087548112,0.0058445404975404,0.0065515929804479,0.005848486114493,0.0066782066684692,0.5596960905031763,-0.3249648087548112,0.0610462618279892,0.5222936637365252,0.005848486114493,0.0066782066684692,0.0058445404975404,0.0065515929804479,0.4762999999999999
0.0062920854881209,-0.0057171636129899,0.0078013033673443,-0.0041833888593201,0.444658288915443,0.2821156899409305,0.1013524317339073,-0.6389409608663795,0.0078013033673443,-0.0041833888593201,0.0062920854881209,-0.0057171636129899,0.1013524317339073,-0.6389409608663795,0.444658288915443,0.2821156899409305,0.444658288915443,0.2821156899409305,0.1013524317339073,-0.6389409608663795,0.0062920854881209,-0.0057171636129899,0.0078013033673443,-0.0041833888593201,0.1013524317339073,-0.6389409608663795,0.444658288915443,0.2821156899409305,0.0078013033673443,-0.0041833888593201,0.0062920854881209,-0.0057171636129899,0.4764
-0.0054870561599605,-0.0089101232462631,-0.0023120584313029,-0.0084995330216023,0.499616966350269,-0.1676890388954447,-0.4315090127632188,-0.4821496337277801,-0.0023120584313029,-0.0084995330216023,-0.0054870561599605,-0.0089101232462631,-0.4315090127632188,-0.4821496337277801,0.499616966350269,-0.1676890388954447,0.499616966350269,-0.1676890388954447,-0.4315090127632188,-0.4821496337277801,-0.0054870561599605,-0.0089101232462631,-0.0023120584313029,-0.0084995330216023,-0.4315090127632188,-0.4821496337277801,0.499616966350269,-0.1676890388954447,-0.0023120584313029,-0.0084995330216023,-0.0054870561599605,-0.0089101232462631,0.4765
-0.0112248745826726,0.0017907510090129,-0.0087631664824953,0.0003315301428199,0.184855298597996,-0.4935230141356592,-0.6465504379113002,0.0302990898249421,-0.0087631664824953,0.0003315301428199,-0.0112248745826726,0.0017907510090129,-0.6465504379113002,0.0302990898249421,0.184855298597996,-0.4935230141356592,0.184855298597996,-0.4935230141356592,-0.6465504379113002,0.0302990898249421,-0.0112248745826726,0.0017907510090129,-0.0087631664824953,0.0003315301428199,-0.6465504379113002,0.0302990898249421,0.184855298597996,-0.4935230141356592,-0.0087631664824953,0.0003315301428199,-0.0112248745826726,0.0017907510090129,0.4765999999999999
-0.0021275136910071,0.0097785737280427,-0.0016843939696756,0.0085729991067106,-0.2659389413790867,-0.4548164115743787,-0.3845624247965637,0.5205861244292168,-0.0016843939696756,0.0085729991067106,-0.0021275136910071,0.0097785737280427,-0.3845624247965637,0.5205861244292168,-0.2659389413790867,-0.4548164115743787,-0.2659389413790867,-0.4548164115743787,-0.3845624247965637,0.5205861244292168,-0.0021275136910071,0.0097785737280427,-0.0016843939696756,0.0085729991067106,-0.3845624247965637,0.5205861244292168,-0.2659389413790867,-0.4548164115743787,-0.0016843939696756,0.0085729991067106,-0.0021275136910071,0.0097785737280427,0.4766999999999999
0.0077186652556206,0.0027590766454537,0.0079019988699104,0.0036258887832786,-0.5205770398359338,-0.0814542872220313,0.1607317911264128,0.6264836200669809,0.0079019988699104,0.0036258887832786,0.0077186652556206,0.0027590766454537,0.1607317911264128,0.6264836200669809,-0.5205770398359338,-0.0814542872220313,-0.5205770398359338,-0.0814542872220313,0.1607317911264128,0.6264836200669809,0.0077186652556206,0.0027590766454537,0.0079019988699104,0.0036258887832786,0.1607317911264128,0.6264836200669809,-0.5205770398359338,-0.0814542872220313,0.0079019988699104,0.0036258887832786,0.0077186652556206,0.0027590766454537,0.4767999999999999
0.0031783059625101,-0.0084348704695126,0.0053523948402431,-0.006782222295818,-0.3926808930905807,0.3519709943471033,0.5863922495380832,0.2711530587446293,0.0053523948402431,-0.006782222295818,0.0031783059625101,-0.0084348704695126,0.5863922495380832,0.2711530587446293,-0.3926808930905807,0.3519709943471033,-0.3926808930905807,0.3519709943471033,0.5863922495380832,0.2711530587446293,0.0031783059625101,-0.0084348704695126,0.0053523948402431,-0.006782222295818,0.5863922495380832,0.2711530587446293,-0.3926808930905807,0.3519709943471033,0.0053523948402431,-0.006782222295818,0.0031783059625101,-0.0084348704695126,0.4769
-0.0087378291525665,-0.0066450242860123,-0.0053059434802925,-0.0067664335477772,0.0243127895503351,0.527477679894504,0.5804736210881837,-0.2821094116085808,-0.0053059434802925,-0.0067664335477772,-0.0087378291525665,-0.0066450242860123,0.5804736210881837,-0.2821094116085808,0.0243127895503351,0.527477679894504,0.0243127895503351,0.527477679894504,0.5804736210881837,-0.2821094116085808,-0.0087378291525665,-0.0066450242860123,-0.0053059434802925,-0.0067664335477772,0.5804736210881837,-0.2821094116085808,0.0243127895503351,0.527477679894504,-0.0053059434802925,-0.0067664335477772,-0.0087378291525665,-0.0066450242860123,0.477
-0.009786940696363,0.0053052679495415,-0.0078231238069136,0.0035543678912886,0.4246246130550579,0.3150626190181244,0.149332977524336,-0.6275964063395197,-0.0078231238069136,0.0035543678912886,-0.009786940696363,0.0053052679495415,0.149332977524336,-0.6275964063395197,0.4246246130550579,0.3150626190181244,0.4246246130550579,0.3150626190181244,0.149332977524336,-0.6275964063395197,-0.009786940696363,0.0053052679495415,-0.0078231238069136,0.0035543678912886,0.149332977524336,-0.6275964063395197,0.4246246130550579,0.3150626190181244,-0.0078231238069136,0.0035543678912886,-0.009786940696363,0.0053052679495415,0.4770999999999999
0.001527298234924,0.0090918230738983,0.0015874232081504,0.0084662334300222,0.5129707302915987,-0.1299600463166574,-0.3910615065007473,-0.5132406477309823,0.0015874232081504,0.0084662334300222,0.001527298234924,0.0090918230738983,-0.3910615065007473,-0.5132406477309823,0.5129707302915987,-0.1299600463166574,0.5129707302915987,-0.1299600463166574,-0.3910615065007473,-0.5132406477309823,0.001527298234924,0.0090918230738983,0.0015874232081504,0.0084662334300222,-0.3910615065007473,-0.5132406477309823,0.5129707302915987,-0.1299600463166574,0.0015874232081504,0.0084662334300222,0.001527298234924,0.0090918230738983,0.4771999999999999
0.0078045648237834,-0.0009913733369502,0.0086240455135551,0.0004935500329498,0.2238242420698357,-0.4795784193363553,-0.6451092324381228,-0.0223868192841908,0.0086240455135551,0.0004935500329498,0.0078045648237834,-0.0009913733369502,-0.6451092324381228,-0.0223868192841908,0.2238242420698357,-0.4795784193363553,0.2238242420698357,-0.4795784193363553,-0.6451092324381228,-0.0223868192841908,0.0078045648237834,-0.0009913733369502,0.0086240455135551,0.0004935500329498,-0.6451092324381228,-0.0223868192841908,0.2238242420698357,-0.4795784193363553,0.0086240455135551,0.0004935500329498,0.0078045648237834,-0.0009913733369502,0.4772999999999999
-0.0005307324271164,-0.0094183042262102,0.0025425628514228,-0.0082785032152033,-0.229347834905064,-0.4767990203606644,-0.4257501437519355,0.4851503733197838,0.0025425628514228,-0.0082785032152033,-0.0005307324271164,-0.0094183042262102,-0.4257501437519355,0.4851503733197838,-0.229347834905064,-0.4767990203606644,-0.229347834905064,-0.4767990203606644,-0.4257501437519355,0.4851503733197838,-0.0005307324271164,-0.0094183042262102,0.0025425628514228,-0.0082785032152033,-0.4257501437519355,0.4851503733197838,-0.229347834905064,-0.4767990203606644,0.0025425628514228,-0.0082785032152033,-0.0005307324271164,-0.0094183042262102,0.4774
-0.0106768683797282,-0.0032903962823277,-0.0074758261133068,-0.0044401998554117,-0.5140962014301608,-0.1250141475525213,0.1056643784615602,0.6362660074666153,-0.0074758261133068,-0.0044401998554117,-0.0106768683797282,-0.0032903962823277,0.1056643784615602,0.6362660074666153,-0.5140962014301608,-0.1250141475525213,-0.5140962014301608,-0.1250141475525213,0.1056643784615602,0.6362660074666153,-0.0106768683797282,-0.0032903962823277,-0.0074758261133068,-0.0044401998554117,0.1056643784615602,0.6362660074666153,-0.5140962014301608,-0.1250141475525213,-0.0074758261133068,-0.0044401998554117,-0.0106768683797282,-0.0032903962823277,0.4775
-0.0071391456677425,0.0080243182545856,-0.0061090221381968,0.0062622526606294,-0.4231806568823852,0.3181999908696973,0.5582996010296056,0.3213831285746381,-0.0061090221381968,0.0062622526606294,-0.0071391456677425,0.0080243182545856,0.5582996010296056,0.3213831285746381,-0.4231806568823852,0.3181999908696973,-0.4231806568823852,0.3181999908696973,0.5582996010296056,0.3213831285746381,-0.0071391456677425,0.0080243182545856,-0.0061090221381968,0.0062622526606294,0.5582996010296056,0.3213831285746381,-0.4231806568823852,0.3181999908696973,-0.0061090221381968,0.0062622526606294,-0.0071391456677425,0.0080243182545856,0.4775999999999999
0.0046755152631613,0.0073118407772523,0.0046737040772413,0.0074567327949954,-0.0226381171904157,0.5297345654108429,0.6021512911527872,-0.2269990338321694,0.0046737040772413,0.0074567327949954,0.0046755152631613,0.0073118407772523,0.6021512911527872,-0.2269990338321694,-0.0226381171904157,0.5297345654108429,-0.0226381171904157,0.5297345654108429,0.6021512911527872,-0.2269990338321694,0.0046755152631613,0.0073118407772523,0.0046737040772413,0.0074567327949954,0.6021512911527872,-0.2269990338321694,-0.0226381171904157,0.5297345654108429,0.0046737040772413,0.0074567327949954,0.0046755152631613,0.0073118407772523,0.4776999999999999
0.0068176864157108,-0.0042878709716382,0.0083747357111756,-0.0027951872174256,0.3958031748520443,0.3539846271058215,0.2073144970218035,-0.6089494785047493,0.0083747357111756,-0.0027951872174256,0.0068176864157108,-0.0042878709716382,0.2073144970218035,-0.6089494785047493,0.3958031748520443,0.3539846271058215,0.3958031748520443,0.3539846271058215,0.2073144970218035,-0.6089494785047493,0.0068176864157108,-0.0042878709716382,0.0083747357111756,-0.0027951872174256,0.2073144970218035,-0.6089494785047493,0.3958031748520443,0.3539846271058215,0.0083747357111756,-0.0027951872174256,0.0068176864157108,-0.0042878709716382,0.4777999999999999
-0.00389830224165,-0.0091219680108728,-0.0007622619905166,-0.0088063022149323,0.5251366531707826,-0.0816937037935616,-0.33850400147538,-0.5472071794604013,-0.0007622619905166,-0.0088063022149323,-0.00389830224165,-0.0091219680108728,-0.33850400147538,-0.5472071794604013,0.5251366531707826,-0.0816937037935616,0.5251366531707826,-0.0816937037935616,-0.33850400147538,-0.5472071794604013,-0.00389830224165,-0.0091219680108728,-0.0007622619905166,-0.0088063022149323,-0.33850400147538,-0.5472071794604013,0.5251366531707826,-0.0816937037935616,-0.0007622619905166,-0.0088063022149323,-0.00389830224165,-0.0091219680108728,0.4779
-0.0111298656897392,0.0001299785012391,-0.0087552487224748,-0.0013090095550424,0.27004192218206,-0.4577426934041069,-0.6379035933536396,-0.0862107397725864,-0.0087552487224748,-0.0013090095550424,-0.0111298656897392,0.0001299785012391,-0.6379035933536396,-0.0862107397725864,0.27004192218206,-0.4577426934041069,0.27004192218206,-0.4577426934041069,-0.6379035933536396,-0.0862107397725864,-0.0111298656897392,0.0001299785012391,-0.0087552487224748,-0.0013090095550424,-0.6379035933536396,-0.0862107397725864,0.27004192218206,-0.4577426934041069,-0.0087552487224748,-0.0013090095550424,-0.0111298656897392,0.0001299785012391,0.478
-0.0038442779197806,0.0093705781627445,-0.0033332913644552,0.0082217121817882,-0.1818516674168349,-0.4991774969203734,-0.4716829695366125,0.4379509583467896,-0.0033332913644552,0.0082217121817882,-0.0038442779197806,0.0093705781627445,-0.4716829695366125,0.4379509583467896,-0.1818516674168349,-0.4991774969203734,-0.1818516674168349,-0.4991774969203734,-0.4716829695366125,0.4379509583467896,-0.0038442779197806,0.0093705781627445,-0.0033332913644552,0.0082217121817882,-0.4716829695366125,0.4379509583467896,-0.1818516674168349,-0.4991774969203734,-0.0033332913644552,0.0082217121817882,-0.0038442779197806,0.0093705781627445,0.4780999999999999
0.0069144808784405,0.0044819475381432,0.0071972725487639,0.0051947776774484,-0.5008197753759369,-0.177277316362292,0.0384396756507801,0.6419707613111786,0.0071972725487639,0.0051947776774484,0.0069144808784405,0.0044819475381432,0.0384396756507801,0.6419707613111786,-0.5008197753759369,-0.177277316362292,-0.5008197753759369,-0.177277316362292,0.0384396756507801,0.6419707613111786,0.0069144808784405,0.0044819475381432,0.0071972725487639,0.0051947776774484,0.0384396756507801,0.6419707613111786,-0.5008197753759369,-0.177277316362292,0.0071972725487639,0.0051947776774484,0.0069144808784405,0.0044819475381432,0.4781999999999999
0.004746140954485,-0.0071869236589979,0.0067476320081262,-0.0057337981116119,-0.4559178087523703,0.2735713947822836,0.5191148448593219,0.3782459381428355,0.0067476320081262,-0.0057337981116119,0.004746140954485,-0.0071869236589979,0.5191148448593219,0.3782459381428355,-0.4559178087523703,0.2735713947822836,-0.4559178087523703,0.2735713947822836,0.5191148448593219,0.3782459381428355,0.004746140954485,-0.0071869236589979,0.0067476320081262,-0.0057337981116119,0.5191148448593219,0.3782459381428355,-0.4559178087523703,0.2735713947822836,0.0067476320081262,-0.0057337981116119,0.004746140954485,-0.0071869236589979,0.4782999999999999
-0.007131855221619,-0.0078960964375708,-0.0039493616762054,-0.0078937564793631,-0.0793364038646434,0.5265310563840893,0.6215743993468412,-0.1590508624821036,-0.0039493616762054,-0.0078937564793631,-0.007131855221619,-0.0078960964375708,0.6215743993468412,-0.1590508624821036,-0.0793364038646434,0.5265310563840893,-0.0793364038646434,0.5265310563840893,0.6215743993468412,-0.1590508624821036,-0.007131855221619,-0.0078960964375708,-0.0039493616762054,-0.0078937564793631,0.6215743993468412,-0.1590508624821036,-0.0793364038646434,0.5265310563840893,-0.0039493616762054,-0.0078937564793631,-0.007131855221619,-0.0078960964375708,0.4784
-0.0106714657805883,0.0034653779527385,-0.0085992826241191,0.001952221645319,0.3562945398505424,0.3967805505572681,0.2736293543253635,-0.580052902101526,-0.0085992826241191,0.001952221645319,-0.0106714657805883,0.0034653779527385,0.2736293543253635,-0.580052902101526,0.3562945398505424,0.3967805505572681,0.3562945398505424,0.3967805505572681,0.2736293543253635,-0.580052902101526,-0.0106714657805883,0.0034653779527385,-0.0085992826241191,0.001952221645319,0.2736293543253635,-0.580052902101526,0.3562945398505424,0.3967805505572681,-0.0085992826241191,0.001952221645319,-0.0106714657805883,0.0034653779527385,0.4785
-0.0004963350097359,0.0095951099154856,-0.000178188462857,0.0088273580118789,0.5332709131028288,-0.0225847126435138,-0.272523404818692,-0.5807945050119006,-0.000178188462857,0.0088273580118789,-0.0004963350097359,0.0095951099154856,-0.272523404818692,-0.5807945050119006,0.5332709131028288,-0.0225847126435138,0.5332709131028288,-0.0225847126435138,-0.272523404818692,-0.5807945050119006,-0.0004963350097359,0.0095951099154856,-0.000178188462857,0.0088273580118789,-0.272523404818692,-0.5807945050119006,0.5332709131028288,-0.0225847126435138,-0.000178188462857,0.0088273580118789,-0.0004963350097359,0.0095951099154856,0.4785999999999999
0.0078425933896979,0.0011708583296114,0.0085255849794807,0.0023273997444478,0.3219787689123361,-0.4257328605363964,-0.6215522956305222,-0.160129345562343,0.0085255849794807,0.0023273997444478,0.0078425933896979,0.0011708583296114,-0.6215522956305222,-0.160129345562343,0.3219787689123361,-0.4257328605363964,0.3219787689123361,-0.4257328605363964,-0.6215522956305222,-0.160129345562343,0.0078425933896979,0.0011708583296114,0.0085255849794807,0.0023273997444478,-0.6215522956305222,-0.160129345562343,0.3219787689123361,-0.4257328605363964,0.0085255849794807,0.0023273997444478,0.0078425933896979,0.0011708583296114,0.4786999999999999
0.0016288533542084,-0.0089061439722913,0.0043358139182875,-0.0076964603370221,-0.1228489889710859,-0.5192265370956847,-0.5193333395703088,0.3770846500422497,0.0043358139182875,-0.0076964603370221,0.0016288533542084,-0.0089061439722913,-0.5193333395703088,0.3770846500422497,-0.1228489889710859,-0.5192265370956847,-0.1228489889710859,-0.5192265370956847,-0.5193333395703088,0.3770846500422497,0.0016288533542084,-0.0089061439722913,0.0043358139182875,-0.0076964603370221,-0.5193333395703088,0.3770846500422497,-0.1228489889710859,-0.5192265370956847,0.0043358139182875,-0.0076964603370221,0.0016288533542084,-0.0089061439722913,0.4787999999999999
-0.00963135960242,-0.005273951001227,-0.0064155587541287,-0.0060727452850213,-0.4780858224960649,-0.2367764279152305,-0.0403814151356843,0.639935644427415,-0.0064155587541287,-0.0060727452850213,-0.00963135960242,-0.005273951001227,-0.0403814151356843,0.639935644427415,-0.4780858224960649,-0.2367764279152305,-0.4780858224960649,-0.2367764279152305,-0.0403814151356843,0.639935644427415,-0.00963135960242,-0.005273951001227,-0.0064155587541287,-0.0060727452850213,-0.0403814151356843,0.639935644427415,-0.4780858224960649,-0.2367764279152305,-0.0064155587541287,-0.0060727452850213,-0.00963135960242,-0.005273951001227,0.4789
-0.0088378898722726,0.0065101507077837,-0.0074618709309391,0.0047650570811972,-0.4879358276451404,0.2167875342988505,0.4662703846937887,0.4388581831709705,-0.0074618709309391,0.0047650570811972,-0.0088378898722726,0.0065101507077837,0.4662703846937887,0.4388581831709705,-0.4879358276451404,0.2167875342988505,-0.4879358276451404,0.2167875342988505,0.4662703846937887,0.4388581831709705,-0.0088378898722726,0.0065101507077837,-0.0074618709309391,0.0047650570811972,0.4662703846937887,0.4388581831709705,-0.4879358276451404,0.2167875342988505,-0.0074618709309391,0.0047650570811972,-0.0088378898722726,0.0065101507077837,0.479
0.0027257010198028,0.0086287741299704,0.0028123344805148,0.0084253263436356,-0.1450050516879543,0.5147500323739347,0.6348020166244379,-0.0780851786729997,0.0028123344805148,0.0084253263436356,0.0027257010198028,0.0086287741299704,0.6348020166244379,-0.0780851786729997,-0.1450050516879543,0.5147500323739347,-0.1450050516879543,0.5147500323739347,0.6348020166244379,-0.0780851786729997,0.0027257010198028,0.0086287741299704,0.0028123344805148,0.0084253263436356,0.6348020166244379,-0.0780851786729997,-0.1450050516879543,0.5147500323739347,0.0028123344805148,0.0084253263436356,0.0027257010198028,0.0086287741299704,0.4790999999999999
0.0076016106121565,-0.0019728325888898,0.0088734583765076,-0.0006656359628119,0.3043045001495056,0.4408591346620967,0.3458619794528376,-0.5377484560198427,0.0088734583765076,-0.0006656359628119,0.0076016106121565,-0.0019728325888898,0.3458619794528376,-0.5377484560198427,0.3043045001495056,0.4408591346620967,0.3043045001495056,0.4408591346620967,0.3458619794528376,-0.5377484560198427,0.0076016106121565,-0.0019728325888898,0.0088734583765076,-0.0006656359628119,0.3458619794528376,-0.5377484560198427,0.3043045001495056,0.4408591346620967,0.0088734583765076,-0.0006656359628119,0.0076016106121565,-0.0019728325888898,0.4791999999999999
-0.0013959826176015,-0.0092587070506367,0.0015186303079397,-0.008769824545087,0.5341272777160723,0.0469056006725646,-0.1923033310436054,-0.6100285435778264,0.0015186303079397,-0.008769824545087,-0.0013959826176015,-0.0092587070506367,-0.1923033310436054,-0.6100285435778264,0.5341272777160723,0.0469056006725646,0.5341272777160723,0.0469056006725646,-0.1923033310436054,-0.6100285435778264,-0.0013959826176015,-0.0092587070506367,0.0015186303079397,-0.008769824545087,-0.1923033310436054,-0.6100285435778264,0.5341272777160723,0.0469056006725646,0.0015186303079397,-0.008769824545087,-0.0013959826176015,-0.0092587070506367,0.4792999999999999
-0.0106288780340471,-0.0023758762391745,-0.0081456239916486,-0.0036045689219717,0.3770183169487215,-0.3811900994183614,-0.5923664058778533,-0.2421073510803836,-0.0081456239916486,-0.0036045689219717,-0.0106288780340471,-0.0023758762391745,-0.5923664058778533,-0.2421073510803836,0.3770183169487215,-0.3811900994183614,0.3770183169487215,-0.3811900994183614,-0.5923664058778533,-0.2421073510803836,-0.0106288780340471,-0.0023758762391745,-0.0081456239916486,-0.0036045689219717,-0.5923664058778533,-0.2421073510803836,0.3770183169487215,-0.3811900994183614,-0.0081456239916486,-0.0036045689219717,-0.0106288780340471,-0.0023758762391745,0.4794
-0.0062619883930472,0.0082645202212533,-0.0054950745301037,0.0070374213830208,-0.0520613371754367,-0.5333188664603011,-0.5646551476970926,0.3009451228636855,-0.0054950745301037,0.0070374213830208,-0.0062619883930472,0.0082645202212533,-0.5646551476970926,0.3009451228636855,-0.0520613371754367,-0.5333188664603011,-0.0520613371754367,-0.5333188664603011,-0.5646551476970926,0.3009451228636855,-0.0062619883930472,0.0082645202212533,-0.0054950745301037,0.0070374213830208,-0.5646551476970926,0.3009451228636855,-0.0520613371754367,-0.5333188664603011,-0.0054950745301037,0.0070374213830208,-0.0062619883930472,0.0082645202212533,0.4795
0.0051582000816804,0.0067083741646854,0.005476005250147,0.0070750607794913,-0.442950942585615,-0.3014687359168977,-0.1294474024224386,0.6259579844318943,0.005476005250147,0.0070750607794913,0.0051582000816804,0.0067083741646854,-0.1294474024224386,0.6259579844318943,-0.442950942585615,-0.3014687359168977,-0.442950942585615,-0.3014687359168977,-0.1294474024224386,0.6259579844318943,0.0051582000816804,0.0067083741646854,0.005476005250147,0.0070750607794913,-0.1294474024224386,0.6259579844318943,-0.442950942585615,-0.3014687359168977,0.005476005250147,0.0070750607794913,0.0051582000816804,0.0067083741646854,0.4795999999999999
0.0065550762786591,-0.0047729110528721,0.0082095080203275,-0.003550089846216,-0.515751396027513,0.1470455575080266,0.3974282018650147,0.4994303445835685,0.0082095080203275,-0.003550089846216,0.0065550762786591,-0.0047729110528721,0.3974282018650147,0.4994303445835685,-0.515751396027513,0.1470455575080266,-0.515751396027513,0.1470455575080266,0.3974282018650147,0.4994303445835685,0.0065550762786591,-0.0047729110528721,0.0082095080203275,-0.003550089846216,0.3974282018650147,0.4994303445835685,-0.515751396027513,0.1470455575080266,0.0082095080203275,-0.003550089846216,0.0065550762786591,-0.0047729110528721,0.4796999999999999
-0.0042280480592925,-0.0090585235130651,-0.0014117299893519,-0.008819585225668,-0.2178054216136254,0.491098432400038,0.6373381483215318,0.0151545434996615,-0.0014117299893519,-0.008819585225668,-0.0042280480592925,-0.0090585235130651,0.6373381483215318,0.0151545434996615,-0.2178054216136254,0.491098432400038,-0.2178054216136254,0.491098432400038,0.6373381483215318,0.0151545434996615,-0.0042280480592925,-0.0090585235130651,-0.0014117299893519,-0.008819585225668,0.6373381483215318,0.0151545434996615,-0.2178054216136254,0.491098432400038,-0.0014117299893519,-0.008819585225668,-0.0042280480592925,-0.0090585235130651,0.4797999999999999
-0.0111203225922789,0.0003119208052944,-0.0089000811104029,-0.0008017417028208,0.2383518641034287,0.4824891727699402,0.4204053192150508,-0.4789928163246959,-0.0089000811104029,-0.0008017417028208,-0.0111203225922789,0.0003119208052944,0.4204053192150508,-0.4789928163246959,0.2383518641034287,0.4824891727699402,0.2383518641034287,0.4824891727699402,0.4204053192150508,-0.4789928163246959,-0.0111203225922789,0.0003119208052944,-0.0089000811104029,-0.0008017417028208,0.4204053192150508,-0.4789928163246959,0.2383518641034287,0.4824891727699402,-0.0089000811104029,-0.0008017417028208,-0.0111203225922789,0.0003119208052944,0.4799
-0.0037584548204467,0.0093505838561021,-0.002990427856417,0.0084498913173152,0.5237840250930685,0.1256300680057062,-0.0978072097848045,-0.630055632437001,-0.002990427856417,0.0084498913173152,-0.0037584548204467,0.0093505838561021,-0.0978072097848045,-0.630055632437001,0.5237840250930685,0.1256300680057062,0.5237840250930685,0.1256300680057062,-0.0978072097848045,-0.630055632437001,-0.0037584548204467,0.0093505838561021,-0.002990427856417,0.0084498913173152,-0.0978072097848045,-0.630055632437001,0.5237840250930685,0.1256300680057062,-0.002990427856417,0.0084498913173152,-0.0037584548204467,0.0093505838561021,0.48
0.0068511278633279,0.0044416581988606,0.007455503688045,0.0050275944461778,0.4318171742428645,-0.3218815214446718,-0.5465425381654709,-0.3290143131085564,0.007455503688045,0.0050275944461778,0.0068511278633279,0.0044416581988606,-0.5465425381654709,-0.3290143131085564,0.4318171742428645,-0.3218815214446718,0.4318171742428645,-0.3218815214446718,-0.5465425381654709,-0.3290143131085564,0.0068511278633279,0.0044416581988606,0.007455503688045,0.0050275944461778,-0.5465425381654709,-0.3290143131085564,0.4318171742428645,-0.3218815214446718,0.007455503688045,0.0050275944461778,0.0068511278633279,0.0044416581988606,0.4800999999999999
0.0046943476604954,-0.007097173253231,0.0067482185249972,-0.0059623013857155,0.0299013961866531,-0.5374492129491959,-0.6027309342580415,0.2086697728060031,0.0067482185249972,-0.0059623013857155,0.0046943476604954,-0.007097173253231,-0.6027309342580415,0.2086697728060031,0.0299013961866531,-0.5374492129491959,0.0299013961866531,-0.5374492129491959,-0.6027309342580415,0.2086697728060031,0.0046943476604954,-0.007097173253231,0.0067482185249972,-0.0059623013857155,-0.6027309342580415,0.2086697728060031,0.0299013961866531,-0.5374492129491959,0.0067482185249972,-0.0059623013857155,0.0046943476604954,-0.007097173253231,0.4801999999999999
-0.0070784692708885,-0.007858380590323,-0.0040940061861534,-0.00802798317459,-0.3926876997230272,-0.3680693737102653,-0.2261367402478919,0.5956530861658342,-0.0040940061861534,-0.00802798317459,-0.0070784692708885,-0.007858380590323,-0.2261367402478919,0.5956530861658342,-0.3926876997230272,-0.3680693737102653,-0.3926876997230272,-0.3680693737102653,-0.2261367402478919,0.5956530861658342,-0.0070784692708885,-0.007858380590323,-0.0040940061861534,-0.00802798317459,-0.2261367402478919,0.5956530861658342,-0.3926876997230272,-0.3680693737102653,-0.0040940061861534,-0.00802798317459,-0.0070784692708885,-0.007858380590323,0.4802999999999999
-0.0107657952706916,0.0033978380770335,-0.0088142390548427,0.0019790399009803,-0.5348775734602174,0.0643071240813872,0.3109049153014316,0.5549883405429682,-0.0088142390548427,0.0019790399009803,-0.0107657952706916,0.0033978380770335,0.3109049153014316,0.5549883405429682,-0.5348775734602174,0.0643071240813872,-0.5348775734602174,0.0643071240813872,0.3109049153014316,0.5549883405429682,-0.0107657952706916,0.0033978380770335,-0.0088142390548427,0.0019790399009803,0.3109049153014316,0.5549883405429682,-0.5348775734602174,0.0643071240813872,-0.0088142390548427,0.0019790399009803,-0.0107657952706916,0.0033978380770335,0.4804
-0.0007923853888037,0.0098073873282564,-0.0002805234440198,0.0090653533759119,-0.2949267813450112,0.4520118016637056,0.6241872413954348,0.1187035654143611,-0.0002805234440198,0.0090653533759119,-0.0007923853888037,0.0098073873282564,0.6241872413954348,0.1187035654143611,-0.2949267813450112,0.4520118016637056,-0.2949267813450112,0.4520118016637056,0.6241872413954348,0.1187035654143611,-0.0007923853888037,0.0098073873282564,-0.0002805234440198,0.0090653533759119,0.6241872413954348,0.1187035654143611,-0.2949267813450112,0.4520118016637056,-0.0002805234440198,0.0090653533759119,-0.0007923853888037,0.0098073873282564,0.4805
0.0079052028267438,0.0018011647703083,0.0087310710458277,0.002552883701432,0.1575667795638012,0.5172460477215226,0.4924440268259434,-0.4012141059207405,0.0087310710458277,0.002552883701432,0.0079052028267438,0.0018011647703083,0.4924440268259434,-0.4012141059207405,0.1575667795638012,0.5172460477215226,0.1575667795638012,0.5172460477215226,0.4924440268259434,-0.4012141059207405,0.0079052028267438,0.0018011647703083,0.0087310710458277,0.002552883701432,0.4924440268259434,-0.4012141059207405,0.1575667795638012,0.5172460477215226,0.0087310710458277,0.002552883701432,0.0079052028267438,0.0018011647703083,0.4805999999999999
0.002377597430285,-0.0085823774370654,0.0046631995203168,-0.0078175118015993,0.4982964222842755,0.2112257664246464,0.0097468252833338,-0.6354421833750965,0.0046631995203168,-0.0078175118015993,0.002377597430285,-0.0085823774370654,0.0097468252833338,-0.6354421833750965,0.4982964222842755,0.2112257664246464,0.4982964222842755,0.2112257664246464,0.0097468252833338,-0.6354421833750965,0.002377597430285,-0.0085823774370654,0.0046631995203168,-0.0078175118015993,0.0097468252833338,-0.6354421833750965,0.4982964222842755,0.2112257664246464,0.0046631995203168,-0.0078175118015993,0.002377597430285,-0.0085823774370654,0.4806999999999999
-0.0090165564453588,-0.0058561303506046,-0.0064076787900665,-0.0064652348239619,0.4817960554963754,-0.2463064290006126,-0.4806663403893413,-0.4162743107596248,-0.0064076787900665,-0.0064652348239619,-0.0090165564453588,-0.0058561303506046,-0.4806663403893413,-0.4162743107596248,0.4817960554963754,-0.2463064290006126,0.4817960554963754,-0.2463064290006126,-0.4806663403893413,-0.4162743107596248,-0.0090165564453588,-0.0058561303506046,-0.0064076787900665,-0.0064652348239619,-0.4806663403893413,-0.4162743107596248,0.4817960554963754,-0.2463064290006126,-0.0064076787900665,-0.0064652348239619,-0.0090165564453588,-0.0058561303506046,0.4807999999999999
-0.009262570115752,0.0058441763683807,-0.0078693626912242,0.0045960022711449,0.1212372982517804,-0.5269674792655349,-0.627727219785595,0.1006279203770109,-0.0078693626912242,0.0045960022711449,-0.009262570115752,0.0058441763683807,-0.627727219785595,0.1006279203770109,0.1212372982517804,-0.5269674792655349,0.1212372982517804,-0.5269674792655349,-0.627727219785595,0.1006279203770109,-0.009262570115752,0.0058441763683807,-0.0078693626912242,0.0045960022711449,-0.627727219785595,0.1006279203770109,0.1212372982517804,-0.5269674792655349,-0.0078693626912242,0.0045960022711449,-0.009262570115752,0.0058441763683807,0.4809
0.002000796254612,0.0090886960771157,0.0024654235040158,0.0087868083972674,-0.324850752440338,-0.4322015901727088,-0.3263142038931072,0.5447407099717542,0.0024654235040158,0.0087868083972674,0.002000796254612,0.0090886960771157,-0.3263142038931072,0.5447407099717542,-0.324850752440338,-0.4322015901727088,-0.324850752440338,-0.4322015901727088,-0.3263142038931072,0.5447407099717542,0.002000796254612,0.0090886960771157,0.0024654235040158,0.0087868083972674,-0.3263142038931072,0.5447407099717542,-0.324850752440338,-0.4322015901727088,0.0024654235040158,0.0087868083972674,0.002000796254612,0.0090886960771157,0.481
0.0080792088950456,-0.0009675890480577,0.0091193826670681,-0.0001458568225698,-0.5403982208864402,-0.0303726364681757,0.2061432709876993,0.5995049147979797,0.0091193826670681,-0.0001458568225698,0.0080792088950456,-0.0009675890480577,0.2061432709876993,0.5995049147979797,-0.5403982208864402,-0.0303726364681757,-0.5403982208864402,-0.0303726364681757,0.2061432709876993,0.5995049147979797,0.0080792088950456,-0.0009675890480577,0.0091193826670681,-0.0001458568225698,0.2061432709876993,0.5995049147979797,-0.5403982208864402,-0.0303726364681757,0.0091193826670681,-0.0001458568225698,0.0080792088950456,-0.0009675890480577,0.4810999999999999
-4.752097487839716e-05,-0.0094868915587696,0.0021772356435899,-0.0088321294046507,-0.3721782968169471,0.3944375905893991,0.5903213609310375,0.2289653288972233,0.0021772356435899,-0.0088321294046507,-4.752097487839716e-05,-0.0094868915587696,0.5903213609310375,0.2289653288972233,-0.3721782968169471,0.3944375905893991,-0.3721782968169471,0.3944375905893991,0.5903213609310375,0.2289653288972233,-4.752097487839716e-05,-0.0094868915587696,0.0021772356435899,-0.0088321294046507,0.5903213609310375,0.2289653288972233,-0.3721782968169471,0.3944375905893991,0.0021772356435899,-0.0088321294046507,-4.752097487839716e-05,-0.0094868915587696,0.4811999999999999
-0.0104132140820128,-0.003868774450296,-0.0079741188252745,-0.0043421555264024,0.0623605961949935,0.5397243093673052,0.5558263911642797,-0.3029117663270265,-0.0079741188252745,-0.0043421555264024,-0.0104132140820128,-0.003868774450296,0.5558263911642797,-0.3029117663270265,0.0623605961949935,0.5397243093673052,0.0623605961949935,0.5397243093673052,0.5558263911642797,-0.3029117663270265,-0.0104132140820128,-0.003868774450296,-0.0079741188252745,-0.0043421555264024,0.5558263911642797,-0.3029117663270265,0.0623605961949935,0.5397243093673052,-0.0079741188252745,-0.0043421555264024,-0.0104132140820128,-0.003868774450296,0.4812999999999999
-0.0076831500307621,0.0076232383177348,-0.0062410640877589,0.0066069075558247,0.4536461919358989,0.2998520540062297,0.1274328550085728,-0.6204111587448802,-0.0062410640877589,0.0066069075558247,-0.0076831500307621,0.0076232383177348,0.1274328550085728,-0.6204111587448802,0.4536461919358989,0.2998520540062297,0.4536461919358989,0.2998520540062297,0.1274328550085728,-0.6204111587448802,-0.0076831500307621,0.0076232383177348,-0.0062410640877589,0.0066069075558247,0.1274328550085728,-0.6204111587448802,0.4536461919358989,0.2998520540062297,-0.0062410640877589,0.0066069075558247,-0.0076831500307621,0.0076232383177348,0.4814
0.0041645961902434,0.0079565677624677,0.0047790955622227,0.007757539215182,0.5214192978621962,-0.153864137992543,-0.392207584269865,-0.4977833337606411,0.0047790955622227,0.007757539215182,0.0041645961902434,0.0079565677624677,-0.392207584269865,-0.4977833337606411,0.5214192978621962,-0.153864137992543,0.5214192978621962,-0.153864137992543,-0.392207584269865,-0.4977833337606411,0.0041645961902434,0.0079565677624677,0.0047790955622227,0.007757539215182,-0.392207584269865,-0.4977833337606411,0.5214192978621962,-0.153864137992543,0.0047790955622227,0.007757539215182,0.0041645961902434,0.0079565677624677,0.4815
0.0075526656838816,-0.0034716358547965,0.0087502789979461,-0.0025932928628383,0.2186979243434345,-0.4973028285115911,-0.6332373490335353,-0.0210738487160582,0.0087502789979461,-0.0025932928628383,0.0075526656838816,-0.0034716358547965,-0.6332373490335353,-0.0210738487160582,0.2186979243434345,-0.4973028285115911,0.2186979243434345,-0.4973028285115911,-0.6332373490335353,-0.0210738487160582,0.0075526656838816,-0.0034716358547965,0.0087502789979461,-0.0025932928628383,-0.6332373490335353,-0.0210738487160582,0.2186979243434345,-0.4973028285115911,0.0087502789979461,-0.0025932928628383,0.0075526656838816,-0.0034716358547965,0.4816
-0.0026956352421619,-0.0097346567208905,-0.0002267004897503,-0.0091317885386604,-0.2381472868486492,-0.4882191120772583,-0.4240838633778889,0.4696637209048024,-0.0002267004897503,-0.0091317885386604,-0.0026956352421619,-0.0097346567208905,-0.4240838633778889,0.4696637209048024,-0.2381472868486492,-0.4882191120772583,-0.2381472868486492,-0.4882191120772583,-0.4240838633778889,0.4696637209048024,-0.0026956352421619,-0.0097346567208905,-0.0002267004897503,-0.0091317885386604,-0.4240838633778889,0.4696637209048024,-0.2381472868486492,-0.4882191120772583,-0.0002267004897503,-0.0091317885386604,-0.0026956352421619,-0.0097346567208905,0.4816999999999999
-0.011470078836589,-0.0013918435525901,-0.008903536661081,-0.0021471721732664,-0.52696853108849,-0.1342064831309972,0.0843146495889278,0.6260597019100911,-0.008903536661081,-0.0021471721732664,-0.011470078836589,-0.0013918435525901,0.0843146495889278,0.6260597019100911,-0.52696853108849,-0.1342064831309972,-0.52696853108849,-0.1342064831309972,0.0843146495889278,0.6260597019100911,-0.011470078836589,-0.0013918435525901,-0.008903536661081,-0.0021471721732664,0.0843146495889278,0.6260597019100911,-0.52696853108849,-0.1342064831309972,-0.008903536661081,-0.0021471721732664,-0.011470078836589,-0.0013918435525901,0.4817999999999999
-0.0056678138414798,0.0093247251904524,-0.0043996162078889,0.0080916974508252,-0.4438743453657877,0.3159978826227707,0.5311915920084788,0.3404236154179633,-0.0043996162078889,0.0080916974508252,-0.0056678138414798,0.0093247251904524,0.5311915920084788,0.3404236154179633,-0.4438743453657877,0.3159978826227707,-0.4438743453657877,0.3159978826227707,0.5311915920084788,0.3404236154179633,-0.0056678138414798,0.0093247251904524,-0.0043996162078889,0.0080916974508252,0.5311915920084788,0.3404236154179633,-0.4438743453657877,0.3159978826227707,-0.0043996162078889,0.0080916974508252,-0.0056678138414798,0.0093247251904524,0.4819
0.0062362974504973,0.0065152171569283,0.006716116432848,0.0063930090983262,-0.0453697760640508,0.5440156935534578,0.6032483922363144,-0.1842766155944583,0.006716116432848,0.0063930090983262,0.0062362974504973,0.0065152171569283,0.6032483922363144,-0.1842766155944583,-0.0453697760640508,0.5440156935534578,-0.0453697760640508,0.5440156935534578,0.6032483922363144,-0.1842766155944583,0.0062362974504973,0.0065152171569283,0.006716116432848,0.0063930090983262,0.6032483922363144,-0.1842766155944583,-0.0453697760640508,0.5440156935534578,0.006716116432848,0.0063930090983262,0.0062362974504973,0.0065152171569283,0.482
0.0066201102198968,-0.0057273684538602,0.0079613077801138,-0.0048500532716397,0.3866157906220519,0.3860970354741076,0.2502033296192407,-0.5794266680781133,0.0079613077801138,-0.0048500532716397,0.0066201102198968,-0.0057273684538602,0.2502033296192407,-0.5794266680781133,0.3866157906220519,0.3860970354741076,0.3866157906220519,0.3860970354741076,0.2502033296192407,-0.5794266680781133,0.0066201102198968,-0.0057273684538602,0.0079613077801138,-0.0048500532716397,0.2502033296192407,-0.5794266680781133,0.3866157906220519,0.3860970354741076,0.0079613077801138,-0.0048500532716397,0.0066201102198968,-0.0057273684538602,0.4821
-0.0051258240081704,-0.0092649697870128,-0.0026436271616286,-0.0089806808248587,0.5443023567380175,-0.0457426831914452,-0.2802281645122079,-0.5659311763966483,-0.0026436271616286,-0.0089806808248587,-0.0051258240081704,-0.0092649697870128,-0.2802281645122079,-0.5659311763966483,0.5443023567380175,-0.0457426831914452,0.5443023567380175,-0.0457426831914452,-0.2802281645122079,-0.5659311763966483,-0.0051258240081704,-0.0092649697870128,-0.0026436271616286,-0.0089806808248587,-0.2802281645122079,-0.5659311763966483,0.5443023567380175,-0.0457426831914452,-0.0026436271616286,-0.0089806808248587,-0.0051258240081704,-0.0092649697870128,0.4821999999999999
-0.0115975435799335,0.0012108320867358,-0.0094041540329305,0.0002559236346535,0.3170833789010467,-0.4442369312239227,-0.6127599354336873,-0.1521140395936391,-0.0094041540329305,0.0002559236346535,-0.0115975435799335,0.0012108320867358,-0.6127599354336873,-0.1521140395936391,0.3170833789010467,-0.4442369312239227,0.3170833789010467,-0.4442369312239227,-0.6127599354336873,-0.1521140395936391,-0.0115975435799335,0.0012108320867358,-0.0094041540329305,0.0002559236346535,-0.6127599354336873,-0.1521140395936391,0.3170833789010467,-0.4442369312239227,-0.0094041540329305,0.0002559236346535,-0.0115975435799335,0.0012108320867358,0.4822999999999999
-0.0031112741486205,0.0102392932806737,-0.0021793171065927,0.0092066344041558,-0.1327228309582801,-0.529317418780548,-0.5117968764344605,0.3683105579528105,-0.0021793171065927,0.0092066344041558,-0.0031112741486205,0.0102392932806737,-0.5117968764344605,0.3683105579528105,-0.1327228309582801,-0.529317418780548,-0.1327228309582801,-0.529317418780548,-0.5117968764344605,0.3683105579528105,-0.0031112741486205,0.0102392932806737,-0.0021793171065927,0.0092066344041558,-0.5117968764344605,0.3683105579528105,-0.1327228309582801,-0.529317418780548,-0.0021793171065927,0.0092066344041558,-0.0031112741486205,0.0102392932806737,0.4824
0.0079068537379283,0.0043870081736388,0.0083650307555589,0.0045028718486879,-0.4894973706036306,-0.2425672777327049,-0.0510661255066423,0.6273542601580385,0.0083650307555589,0.0045028718486879,0.0079068537379283,0.0043870081736388,-0.0510661255066423,0.6273542601580385,-0.4894973706036306,-0.2425672777327049,-0.4894973706036306,-0.2425672777327049,-0.0510661255066423,0.6273542601580385,0.0079068537379283,0.0043870081736388,0.0083650307555589,0.0045028718486879,-0.0510661255066423,0.6273542601580385,-0.4894973706036306,-0.2425672777327049,0.0083650307555589,0.0045028718486879,0.0079068537379283,0.0043870081736388,0.4825
0.00517097313425,-0.0078551457184444,0.0065197849529837,-0.0069225115007162,-0.5030208747174296,0.2159332933391103,0.4435142330915884,0.4454537274136564,0.0065197849529837,-0.0069225115007162,0.00517097313425,-0.0078551457184444,0.4435142330915884,0.4454537274136564,-0.5030208747174296,0.2159332933391103,-0.5030208747174296,0.2159332933391103,0.4435142330915884,0.4454537274136564,0.00517097313425,-0.0078551457184444,0.0065197849529837,-0.0069225115007162,0.4435142330915884,0.4454537274136564,-0.5030208747174296,0.2159332933391103,0.0065197849529837,-0.0069225115007162,0.00517097313425,-0.0078551457184444,0.4826
-0.0074033653299907,-0.0084662345720238,-0.0050077447194952,-0.0080771456211396,-0.1614722299019232,0.5241505905431106,0.6266106387255902,-0.0478581091440665,-0.0050077447194952,-0.0080771456211396,-0.0074033653299907,-0.0084662345720238,0.6266106387255902,-0.0478581091440665,-0.1614722299019232,0.5241505905431106,-0.1614722299019232,0.5241505905431106,0.6266106387255902,-0.0478581091440665,-0.0074033653299907,-0.0084662345720238,-0.0050077447194952,-0.0080771456211396,0.6266106387255902,-0.0478581091440665,-0.1614722299019232,0.5241505905431106,-0.0050077447194952,-0.0080771456211396,-0.0074033653299907,-0.0084662345720238,0.4826999999999999
-0.0113203912339386,0.0035360617496002,-0.0090972273701478,0.0027604179238538,0.2952895106900527,0.4627409804356784,0.370695519064157,-0.5079464358635395,-0.0090972273701478,0.0027604179238538,-0.0113203912339386,0.0035360617496002,0.370695519064157,-0.5079464358635395,0.2952895106900527,0.4627409804356784,0.2952895106900527,0.4627409804356784,0.370695519064157,-0.5079464358635395,-0.0113203912339386,0.0035360617496002,-0.0090972273701478,0.0027604179238538,0.370695519064157,-0.5079464358635395,0.2952895106900527,0.4627409804356784,-0.0090972273701478,0.0027604179238538,-0.0113203912339386,0.0035360617496002,0.4827999999999999
-0.0007253805157357,0.0104880556492246,0.0002979459624946,0.0095152122245678,0.5436177051051644,0.0747859754404868,-0.1461726984636315,-0.6120159105192208,0.0002979459624946,0.0095152122245678,-0.0007253805157357,0.0104880556492246,-0.1461726984636315,-0.6120159105192208,0.5436177051051644,0.0747859754404868,0.5436177051051644,0.0747859754404868,-0.1461726984636315,-0.6120159105192208,-0.0007253805157357,0.0104880556492246,0.0002979459624946,0.0095152122245678,-0.1461726984636315,-0.6120159105192208,0.5436177051051644,0.0747859754404868,0.0002979459624946,0.0095152122245678,-0.0007253805157357,0.0104880556492246,0.4829
0.0088061011669204,0.0020344703580507,0.0092579391240999,0.0022232791916303,0.4093514005807725,-0.3647566490321606,-0.5605504741636731,-0.2855212667596989,0.0092579391240999,0.0022232791916303,0.0088061011669204,0.0020344703580507,-0.5605504741636731,-0.2855212667596989,0.4093514005807725,-0.3647566490321606,0.4093514005807725,-0.3647566490321606,-0.5605504741636731,-0.2855212667596989,0.0088061011669204,0.0020344703580507,0.0092579391240999,0.0022232791916303,-0.5605504741636731,-0.2855212667596989,0.4093514005807725,-0.3647566490321606,0.0092579391240999,0.0022232791916303,0.0088061011669204,0.0020344703580507,0.483
0.0031089713752298,-0.0094569558171996,0.0045895581589674,-0.0083193272563523,-0.0110504010715776,-0.548058651407806,-0.5802039653456907,0.2408952078725148,0.0045895581589674,-0.0083193272563523,0.0031089713752298,-0.0094569558171996,-0.5802039653456907,0.2408952078725148,-0.0110504010715776,-0.548058651407806,-0.0110504010715776,-0.548058651407806,-0.5802039653456907,0.2408952078725148,0.0031089713752298,-0.0094569558171996,0.0045895581589674,-0.0083193272563523,-0.5802039653456907,0.2408952078725148,-0.0110504010715776,-0.548058651407806,0.0045895581589674,-0.0083193272563523,0.0031089713752298,-0.0094569558171996,0.4831
-0.0095677960068444,-0.0069772304628028,-0.0067935220304857,-0.0066134799531016,-0.4238789944018987,-0.3484919060642374,-0.1936851154077668,0.5963950574921951,-0.0067935220304857,-0.0066134799531016,-0.0095677960068444,-0.0069772304628028,-0.1936851154077668,0.5963950574921951,-0.4238789944018987,-0.3484919060642374,-0.4238789944018987,-0.3484919060642374,-0.1936851154077668,0.5963950574921951,-0.0095677960068444,-0.0069772304628028,-0.0067935220304857,-0.0066134799531016,-0.1936851154077668,0.5963950574921951,-0.4238789944018987,-0.3484919060642374,-0.0067935220304857,-0.0066134799531016,-0.0095677960068444,-0.0069772304628028,0.4831999999999999
-0.010554838792508,0.0059803534561524,-0.0081811382046,0.0048020219569423,-0.5414525699301714,0.0956942735506272,0.3261532191441083,0.5345591717100683,-0.0081811382046,0.0048020219569423,-0.010554838792508,0.0059803534561524,0.3261532191441083,0.5345591717100683,-0.5414525699301714,0.0956942735506272,-0.5414525699301714,0.0956942735506272,0.3261532191441083,0.5345591717100683,-0.010554838792508,0.0059803534561524,-0.0081811382046,0.0048020219569423,0.3261532191441083,0.5345591717100683,-0.5414525699301714,0.0956942735506272,-0.0081811382046,0.0048020219569423,-0.010554838792508,0.0059803534561524,0.4832999999999999
0.001715860384674,0.0104114164412533,0.0024503963327438,0.0091956975819184,-0.2794074019456102,0.4747980945703594,0.6178813246903002,0.1008011458899992,0.0024503963327438,0.0091956975819184,0.001715860384674,0.0104114164412533,0.6178813246903002,0.1008011458899992,-0.2794074019456102,0.4747980945703594,-0.2794074019456102,0.4747980945703594,0.6178813246903002,0.1008011458899992,0.001715860384674,0.0104114164412533,0.0024503963327438,0.0091956975819184,0.6178813246903002,0.1008011458899992,-0.2794074019456102,0.4747980945703594,0.0024503963327438,0.0091956975819184,0.001715860384674,0.0104114164412533,0.4834
0.0092765019191625,-0.0002507136198704,0.0095492623613115,0.000116269642667,0.1799648486902297,0.5212042996448427,0.4791823317725185,-0.4035202324898143,0.0095492623613115,0.000116269642667,0.0092765019191625,-0.0002507136198704,0.4791823317725185,-0.4035202324898143,0.1799648486902297,0.5212042996448427,0.1799648486902297,0.5212042996448427,0.4791823317725185,-0.4035202324898143,0.0092765019191625,-0.0002507136198704,0.0095492623613115,0.000116269642667,0.4791823317725185,-0.4035202324898143,0.1799648486902297,0.5212042996448427,0.0095492623613115,0.000116269642667,0.0092765019191625,-0.0002507136198704,0.4835
0.000995518961523,-0.0103870284183648,0.0026881173148901,-0.0091918103347029,0.512961472898896,0.2017044997425178,0.0053378836394581,-0.6268282385458529,0.0026881173148901,-0.0091918103347029,0.000995518961523,-0.0103870284183648,0.0053378836394581,-0.6268282385458529,0.512961472898896,0.2017044997425178,0.512961472898896,0.2017044997425178,0.0053378836394581,-0.6268282385458529,0.000995518961523,-0.0103870284183648,0.0026881173148901,-0.0091918103347029,0.0053378836394581,-0.6268282385458529,0.512961472898896,0.2017044997425178,0.0026881173148901,-0.0091918103347029,0.000995518961523,-0.0103870284183648,0.4836
-0.0110104643177466,-0.0050725210838813,-0.0081697046576902,-0.0050639425113069,0.486545132292909,-0.2579482099039434,-0.4725605638659975,-0.4116105715881445,-0.0081697046576902,-0.0050639425113069,-0.0110104643177466,-0.0050725210838813,-0.4725605638659975,-0.4116105715881445,0.486545132292909,-0.2579482099039434,0.486545132292909,-0.2579482099039434,-0.4725605638659975,-0.4116105715881445,-0.0110104643177466,-0.0050725210838813,-0.0081697046576902,-0.0050639425113069,-0.4725605638659975,-0.4116105715881445,0.486545132292909,-0.2579482099039434,-0.0081697046576902,-0.0050639425113069,-0.0110104643177466,-0.0050725210838813,0.4836999999999999
-0.0090739519177277,0.007992012490396,-0.0070978924229512,0.0065653349472258,0.1215930819038796,-0.536931198807794,-0.6192065923264422,0.0907749653231778,-0.0070978924229512,0.0065653349472258,-0.0090739519177277,0.007992012490396,-0.6192065923264422,0.0907749653231778,0.1215930819038796,-0.536931198807794,0.1215930819038796,-0.536931198807794,-0.6192065923264422,0.0907749653231778,-0.0090739519177277,0.007992012490396,-0.0070978924229512,0.0065653349472258,-0.6192065923264422,0.0907749653231778,0.1215930819038796,-0.536931198807794,-0.0070978924229512,0.0065653349472258,-0.0090739519177277,0.007992012490396,0.4837999999999999
0.0041298793411621,0.0096569478348659,0.0044613437549299,0.0086523915448943,-0.3279026931298837,-0.4429005196510805,-0.334168713759902,0.5277384704293695,0.0044613437549299,0.0086523915448943,0.0041298793411621,0.0096569478348659,-0.334168713759902,0.5277384704293695,-0.3279026931298837,-0.4429005196510805,-0.3279026931298837,-0.4429005196510805,-0.334168713759902,0.5277384704293695,0.0041298793411621,0.0096569478348659,0.0044613437549299,0.0086523915448943,-0.334168713759902,0.5277384704293695,-0.3279026931298837,-0.4429005196510805,0.0044613437549299,0.0086523915448943,0.0041298793411621,0.0096569478348659,0.4839
0.0093597850202983,-0.002685042427801,0.0095797758281568,-0.0019940130445816,-0.5507009338474613,-0.0402686470361455,0.1812685913492759,0.5968324537737111,0.0095797758281568,-0.0019940130445816,0.0093597850202983,-0.002685042427801,0.1812685913492759,0.5968324537737111,-0.5507009338474613,-0.0402686470361455,-0.5507009338474613,-0.0402686470361455,0.1812685913492759,0.5968324537737111,0.0093597850202983,-0.002685042427801,0.0095797758281568,-0.0019940130445816,0.1812685913492759,0.5968324537737111,-0.5507009338474613,-0.0402686470361455,0.0095797758281568,-0.0019940130445816,0.0093597850202983,-0.002685042427801,0.484
-0.0011460904461931,-0.0111280002814218,0.0006280838787156,-0.0097941783472351,-0.389998377485297,0.392406930204283,0.5700684981648395,0.2526925046280877,0.0006280838787156,-0.0097941783472351,-0.0011460904461931,-0.0111280002814218,0.5700684981648395,0.2526925046280877,-0.389998377485297,0.392406930204283,-0.389998377485297,0.392406930204283,0.5700684981648395,0.2526925046280877,-0.0011460904461931,-0.0111280002814218,0.0006280838787156,-0.0097941783472351,0.5700684981648395,0.2526925046280877,-0.389998377485297,0.392406930204283,0.0006280838787156,-0.0097941783472351,-0.0011460904461931,-0.0111280002814218,0.4841
-0.0121717983757197,-0.0032719445567879,-0.009306415598285,-0.0032010973395206,0.0440250174256202,0.5519883218903914,0.5640516264244947,-0.2667792306534256,-0.009306415598285,-0.0032010973395206,-0.0121717983757197,-0.0032719445567879,0.5640516264244947,-0.2667792306534256,0.0440250174256202,0.5519883218903914,0.0440250174256202,0.5519883218903914,0.5640516264244947,-0.2667792306534256,-0.0121717983757197,-0.0032719445567879,-0.009306415598285,-0.0032010973395206,0.5640516264244947,-0.2667792306534256,0.0440250174256202,0.5519883218903914,-0.009306415598285,-0.0032010973395206,-0.0121717983757197,-0.0032719445567879,0.4841999999999999
-0.0075506683550361,0.0095290002138327,-0.0055690944501901,0.0081596837697295,0.4472769238161933,0.3260923707513211,0.1660326737281895,-0.6019004046603904,-0.0055690944501901,0.0081596837697295,-0.0075506683550361,0.0095290002138327,0.1660326737281895,-0.6019004046603904,0.4472769238161933,0.3260923707513211,0.4472769238161933,0.3260923707513211,0.1660326737281895,-0.6019004046603904,-0.0075506683550361,0.0095290002138327,-0.0055690944501901,0.0081596837697295,0.1660326737281895,-0.6019004046603904,0.4472769238161933,0.3260923707513211,-0.0055690944501901,0.0081596837697295,-0.0075506683550361,0.0095290002138327,0.4842999999999999
0.00612004733191,0.0085015667559221,0.0063971053657287,0.0075697679598106,0.5384705081358122,-0.1259300182643634,-0.3478792940238422,-0.5183156357879684,0.0063971053657287,0.0075697679598106,0.00612004733191,0.0085015667559221,-0.3478792940238422,-0.5183156357879684,0.5384705081358122,-0.1259300182643634,0.5384705081358122,-0.1259300182643634,-0.3478792940238422,-0.5183156357879684,0.00612004733191,0.0085015667559221,0.0063971053657287,0.0075697679598106,-0.3478792940238422,-0.5183156357879684,0.5384705081358122,-0.1259300182643634,0.0063971053657287,0.0075697679598106,0.00612004733191,0.0085015667559221,0.4843999999999999
0.0088237515834559,-0.0050665289794093,0.009014785606254,-0.0041262391061106,0.2566843299048383,-0.4895734800765897,-0.6188729898598933,-0.0746192065676517,0.009014785606254,-0.0041262391061106,0.0088237515834559,-0.0050665289794093,-0.6188729898598933,-0.0746192065676517,0.2566843299048383,-0.4895734800765897,0.2566843299048383,-0.4895734800765897,-0.6188729898598933,-0.0746192065676517,0.0088237515834559,-0.0050665289794093,0.009014785606254,-0.0041262391061106,-0.6188729898598933,-0.0746192065676517,0.2566843299048383,-0.4895734800765897,0.009014785606254,-0.0041262391061106,0.0088237515834559,-0.0050665289794093,0.4845
-0.003632589697617,-0.0113885946783784,-0.0015464528516632,-0.0097714742963512,-0.2024414941011073,-0.5149072991770495,-0.4601464885825565,0.4186928106082135,-0.0015464528516632,-0.0097714742963512,-0.003632589697617,-0.0113885946783784,-0.4601464885825565,0.4186928106082135,-0.2024414941011073,-0.5149072991770495,-0.2024414941011073,-0.5149072991770495,-0.4601464885825565,0.4186928106082135,-0.003632589697617,-0.0113885946783784,-0.0015464528516632,-0.0097714742963512,-0.4601464885825565,0.4186928106082135,-0.2024414941011073,-0.5149072991770495,-0.0015464528516632,-0.0097714742963512,-0.003632589697617,-0.0113885946783784,0.4846
-0.013175707594434,-0.0010198016635545,-0.0098101872186383,-0.0011315599954609,-0.5229342122857855,-0.1839519947014899,0.0150676630205035,0.6210185391481866,-0.0098101872186383,-0.0011315599954609,-0.013175707594434,-0.0010198016635545,0.0150676630205035,0.6210185391481866,-0.5229342122857855,-0.1839519947014899,-0.5229342122857855,-0.1839519947014899,0.0150676630205035,0.6210185391481866,-0.013175707594434,-0.0010198016635545,-0.0098101872186383,-0.0011315599954609,0.0150676630205035,0.6210185391481866,-0.5229342122857855,-0.1839519947014899,-0.0098101872186383,-0.0011315599954609,-0.013175707594434,-0.0010198016635545,0.4846999999999999
-0.0057354842359694,0.0110648068144702,-0.0037397867758683,0.0091423197200573,-0.481830772315345,0.2763092033241313,0.47879195363209,0.3954888779461022,-0.0037397867758683,0.0091423197200573,-0.0057354842359694,0.0110648068144702,0.47879195363209,0.3954888779461022,-0.481830772315345,0.2763092033241313,-0.481830772315345,0.2763092033241313,0.47879195363209,0.3954888779461022,-0.0057354842359694,0.0110648068144702,-0.0037397867758683,0.0091423197200573,0.47879195363209,0.3954888779461022,-0.481830772315345,0.2763092033241313,-0.0037397867758683,0.0091423197200573,-0.0057354842359694,0.0110648068144702,0.4847999999999999
0.0079842926066085,0.0071608837365059,0.0077804795724807,0.0061025404675789,-0.1053732626811295,0.5458832225264112,0.6128576897558629,-0.1027507005225302,0.0077804795724807,0.0061025404675789,0.0079842926066085,0.0071608837365059,0.6128576897558629,-0.1027507005225302,-0.1053732626811295,0.5458832225264112,-0.1053732626811295,0.5458832225264112,0.6128576897558629,-0.1027507005225302,0.0079842926066085,0.0071608837365059,0.0077804795724807,0.0061025404675789,0.6128576897558629,-0.1027507005225302,-0.1053732626811295,0.5458832225264112,0.0077804795724807,0.0061025404675789,0.0079842926066085,0.0071608837365059,0.4849
0.0079311076109321,-0.0071597941586466,0.0080099151704489,-0.0057993693049133,0.3443089899072639,0.4362480821545419,0.3235987665566052,-0.5309851996320325,0.0080099151704489,-0.0057993693049133,0.0079311076109321,-0.0071597941586466,0.3235987665566052,-0.5309851996320325,0.3443089899072639,0.4362480821545419,0.3443089899072639,0.4362480821545419,0.3235987665566052,-0.5309851996320325,0.0079311076109321,-0.0071597941586466,0.0080099151704489,-0.0057993693049133,0.3235987665566052,-0.5309851996320325,0.3443089899072639,0.4362480821545419,0.0080099151704489,-0.0057993693049133,0.0079311076109321,-0.0071597941586466,0.485
-0.0059333404823678,-0.0109779269219839,-0.0033706788599242,-0.0092930781093913,0.5546156852019258,0.0251634393229411,-0.1898958693631673,-0.5919450410988205,-0.0033706788599242,-0.0092930781093913,-0.0059333404823678,-0.0109779269219839,-0.1898958693631673,-0.5919450410988205,0.5546156852019258,0.0251634393229411,0.5546156852019258,0.0251634393229411,-0.1898958693631673,-0.5919450410988205,-0.0059333404823678,-0.0109779269219839,-0.0033706788599242,-0.0092930781093913,-0.1898958693631673,-0.5919450410988205,0.5546156852019258,0.0251634393229411,-0.0033706788599242,-0.0092930781093913,-0.0059333404823678,-0.0109779269219839,0.4851
-0.0133860657959349,0.0014156787532271,-0.0098758926592434,0.0006932795555483,0.3824599862461212,-0.4020517703246621,-0.570995931164255,-0.2435764803281412,-0.0098758926592434,0.0006932795555483,-0.0133860657959349,0.0014156787532271,-0.570995931164255,-0.2435764803281412,0.3824599862461212,-0.4020517703246621,0.3824599862461212,-0.4020517703246621,-0.570995931164255,-0.2435764803281412,-0.0133860657959349,0.0014156787532271,-0.0098758926592434,0.0006932795555483,-0.570995931164255,-0.2435764803281412,0.3824599862461212,-0.4020517703246621,-0.0098758926592434,0.0006932795555483,-0.0133860657959349,0.0014156787532271,0.4851999999999999
-0.0034087575797991,0.0120253996510685,-0.0020580636935709,0.0097242973193097,-0.0524296538669127,-0.55286498628144,-0.5571932750477981,0.2709119221724485,-0.0020580636935709,0.0097242973193097,-0.0034087575797991,0.0120253996510685,-0.5571932750477981,0.2709119221724485,-0.0524296538669127,-0.55286498628144,-0.0524296538669127,-0.55286498628144,-0.5571932750477981,0.2709119221724485,-0.0034087575797991,0.0120253996510685,-0.0020580636935709,0.0097242973193097,-0.5571932750477981,0.2709119221724485,-0.0524296538669127,-0.55286498628144,-0.0020580636935709,0.0097242973193097,-0.0034087575797991,0.0120253996510685,0.4852999999999999
0.0096192856118367,0.0052913481130822,0.0088147758335914,0.0046885133679385,-0.4525654292360987,-0.3236650646534156,-0.1613746485240589,0.597212710649531,0.0088147758335914,0.0046885133679385,0.0096192856118367,0.0052913481130822,-0.1613746485240589,0.597212710649531,-0.4525654292360987,-0.3236650646534156,-0.4525654292360987,-0.3236650646534156,-0.1613746485240589,0.597212710649531,0.0096192856118367,0.0052913481130822,0.0088147758335914,0.0046885133679385,-0.1613746485240589,0.597212710649531,-0.4525654292360987,-0.3236650646534156,0.0088147758335914,0.0046885133679385,0.0096192856118367,0.0052913481130822,0.4853999999999999
0.0067281966775465,-0.0091634913408079,0.0069645584932271,-0.0071957331876608,-0.5420940675927541,0.1301062906931593,0.3439170718123335,0.5139365322965118,0.0069645584932271,-0.0071957331876608,0.0067281966775465,-0.0091634913408079,0.3439170718123335,0.5139365322965118,-0.5420940675927541,0.1301062906931593,-0.5420940675927541,0.1301062906931593,0.3439170718123335,0.5139365322965118,0.0067281966775465,-0.0091634913408079,0.0069645584932271,-0.0071957331876608,0.3439170718123335,0.5139365322965118,-0.5420940675927541,0.1301062906931593,0.0069645584932271,-0.0071957331876608,0.0067281966775465,-0.0091634913408079,0.4855
-0.0080085527545499,-0.0103796394217397,-0.0050178108102195,-0.008692507525098,-0.256848799784484,0.4954105706488817,0.6137550778340498,0.0784276185382456,-0.0050178108102195,-0.008692507525098,-0.0080085527545499,-0.0103796394217397,0.6137550778340498,0.0784276185382456,-0.256848799784484,0.4954105706488817,-0.256848799784484,0.4954105706488817,0.6137550778340498,0.0784276185382456,-0.0080085527545499,-0.0103796394217397,-0.0050178108102195,-0.008692507525098,0.6137550778340498,0.0784276185382456,-0.256848799784484,0.4954105706488817,-0.0050178108102195,-0.008692507525098,-0.0080085527545499,-0.0103796394217397,0.4856
-0.0132411813287169,0.0034914847344229,-0.0097668990341972,0.0024608227749841,0.2059303718417776,0.5184444697913273,0.4623359611343943,-0.4118192148608863,-0.0097668990341972,0.0024608227749841,-0.0132411813287169,0.0034914847344229,0.4623359611343943,-0.4118192148608863,0.2059303718417776,0.5184444697913273,0.2059303718417776,0.5184444697913273,0.4623359611343943,-0.4118192148608863,-0.0132411813287169,0.0034914847344229,-0.0097668990341972,0.0024608227749841,0.4623359611343943,-0.4118192148608863,0.2059303718417776,0.5184444697913273,-0.0097668990341972,0.0024608227749841,-0.0132411813287169,0.0034914847344229,0.4856999999999999
-0.0012829705022576,0.0123578065023062,-0.0003137150501534,0.0101148884079546,0.5257809189470871,0.1846780681208663,-0.0074861443525254,-0.6189848741222328,-0.0003137150501534,0.0101148884079546,-0.0012829705022576,0.0123578065023062,-0.0074861443525254,-0.6189848741222328,0.5257809189470871,0.1846780681208663,0.5257809189470871,0.1846780681208663,-0.0074861443525254,-0.6189848741222328,-0.0012829705022576,0.0123578065023062,-0.0003137150501534,0.0101148884079546,-0.0074861443525254,-0.6189848741222328,0.5257809189470871,0.1846780681208663,-0.0003137150501534,0.0101148884079546,-0.0012829705022576,0.0123578065023062,0.4857999999999999
0.0105987995916823,0.0032298784963076,0.0096667784253971,0.0031088949074096,0.4845567315369632,-0.2745691004101302,-0.4712151232077394,-0.4001321841227344,0.0096667784253971,0.0031088949074096,0.0105987995916823,0.0032298784963076,-0.4712151232077394,-0.4001321841227344,0.4845567315369632,-0.2745691004101302,0.4845567315369632,-0.2745691004101302,-0.4712151232077394,-0.4001321841227344,0.0105987995916823,0.0032298784963076,0.0096667784253971,0.0031088949074096,-0.4712151232077394,-0.4001321841227344,0.4845567315369632,-0.2745691004101302,0.0096667784253971,0.0031088949074096,0.0105987995916823,0.0032298784963076,0.4859
0.0050610661241292,-0.010820167081634,0.0056692189791971,-0.0084293910499668,0.1122250786993814,-0.5458880912576072,-0.6100891450604322,0.0917847718527761,0.0056692189791971,-0.0084293910499668,0.0050610661241292,-0.010820167081634,-0.6100891450604322,0.0917847718527761,0.1122250786993814,-0.5458880912576072,0.1122250786993814,-0.5458880912576072,-0.6100891450604322,0.0917847718527761,0.0050610661241292,-0.010820167081634,0.0056692189791971,-0.0084293910499668,-0.6100891450604322,0.0917847718527761,0.1122250786993814,-0.5458880912576072,0.0056692189791971,-0.0084293910499668,0.0050610661241292,-0.010820167081634,0.486
-0.0100913566861833,-0.0093955013957808,-0.0065278595942387,-0.0077673927582894,-0.3379143478547312,-0.4444258624800326,-0.3322124932139492,0.5187229432325414,-0.0065278595942387,-0.0077673927582894,-0.0100913566861833,-0.0093955013957808,-0.3322124932139492,0.5187229432325414,-0.3379143478547312,-0.4444258624800326,-0.3379143478547312,-0.4444258624800326,-0.3322124932139492,0.5187229432325414,-0.0100913566861833,-0.0093955013957808,-0.0065278595942387,-0.0077673927582894,-0.3322124932139492,0.5187229432325414,-0.3379143478547312,-0.4444258624800326,-0.0065278595942387,-0.0077673927582894,-0.0100913566861833,-0.0093955013957808,0.4861
-0.0129703158747668,0.0056511868649902,-0.0092661046570072,0.0041310248379599,-0.5581517750878596,-0.0373982463374468,0.1710395898295071,0.5914879514555197,-0.0092661046570072,0.0041310248379599,-0.0129703158747668,0.0056511868649902,0.1710395898295071,0.5914879514555197,-0.5581517750878596,-0.0373982463374468,-0.5581517750878596,-0.0373982463374468,0.1710395898295071,0.5914879514555197,-0.0129703158747668,0.0056511868649902,-0.0092661046570072,0.0041310248379599,0.1710395898295071,0.5914879514555197,-0.5581517750878596,-0.0373982463374468,-0.0092661046570072,0.0041310248379599,-0.0129703158747668,0.0056511868649902,0.4861999999999999
0.000751534728188,0.0126496133314215,0.0013931065175801,0.0100654289099923,-0.3951343743409138,0.396823149392653,0.5579429163250554,0.261224066944081,0.0013931065175801,0.0100654289099923,0.000751534728188,0.0126496133314215,0.5579429163250554,0.261224066944081,-0.3951343743409138,0.396823149392653,-0.3951343743409138,0.396823149392653,0.5579429163250554,0.261224066944081,0.000751534728188,0.0126496133314215,0.0013931065175801,0.0100654289099923,0.5579429163250554,0.261224066944081,-0.3951343743409138,0.396823149392653,0.0013931065175801,0.0100654289099923,0.000751534728188,0.0126496133314215,0.4862999999999999
0.0113401474582031,0.0013550494135125,0.0100647043746824,0.0014964018315602,0.0395682344647517,0.5584485007620413,0.5642948470315108,-0.2481989998590155,0.0100647043746824,0.0014964018315602,0.0113401474582031,0.0013550494135125,0.5642948470315108,-0.2481989998590155,0.0395682344647517,0.5584485007620413,0.0395682344647517,0.5584485007620413,0.5642948470315108,-0.2481989998590155,0.0113401474582031,0.0013550494135125,0.0100647043746824,0.0014964018315602,0.5642948470315108,-0.2481989998590155,0.0395682344647517,0.5584485007620413,0.0100647043746824,0.0014964018315602,0.0113401474582031,0.0013550494135125,0.4863999999999999
0.0033724233717969,-0.0120203053909599,0.0042802733543693,-0.0092308300741223,0.4460616807513759,0.337342211520829,0.1843408592348098,-0.5881255286194533,0.0042802733543693,-0.0092308300741223,0.0033724233717969,-0.0120203053909599,0.1843408592348098,-0.5881255286194533,0.4460616807513759,0.337342211520829,0.4460616807513759,0.337342211520829,0.1843408592348098,-0.5881255286194533,0.0033724233717969,-0.0120203053909599,0.0042802733543693,-0.0092308300741223,0.1843408592348098,-0.5881255286194533,0.4460616807513759,0.337342211520829,0.0042802733543693,-0.0092308300741223,0.0033724233717969,-0.0120203053909599,0.4865
-0.0117871297739483,-0.0080312572988018,-0.0076485925157665,-0.0067107648483078,0.5473473387568621,-0.1128990674261675,-0.3208890791596507,-0.5252467118625734,-0.0076485925157665,-0.0067107648483078,-0.0117871297739483,-0.0080312572988018,-0.3208890791596507,-0.5252467118625734,0.5473473387568621,-0.1128990674261675,0.5473473387568621,-0.1128990674261675,-0.3208890791596507,-0.5252467118625734,-0.0117871297739483,-0.0080312572988018,-0.0076485925157665,-0.0067107648483078,-0.3208890791596507,-0.5252467118625734,0.5473473387568621,-0.1128990674261675,-0.0076485925157665,-0.0067107648483078,-0.0117871297739483,-0.0080312572988018,0.4866
-0.0121551183502037,0.0077691189154913,-0.008614544482091,0.0054596684358622,0.2765529940117426,-0.4859921975392048,-0.6053160580898921,-0.1048745016926921,-0.008614544482091,0.0054596684358622,-0.0121551183502037,0.0077691189154913,-0.6053160580898921,-0.1048745016926921,0.2765529940117426,-0.4859921975392048,0.2765529940117426,-0.4859921975392048,-0.6053160580898921,-0.1048745016926921,-0.0121551183502037,0.0077691189154913,-0.008614544482091,0.0054596684358622,-0.6053160580898921,-0.1048745016926921,0.2765529940117426,-0.4859921975392048,-0.008614544482091,0.0054596684358622,-0.0121551183502037,0.0077691189154913,0.4866999999999999
0.0030505878763602,0.0125629249563841,0.0028089612323599,0.0098525998415309,-0.1830746713052045,-0.5293637791453386,-0.4777793090464071,0.3846857498971043,0.0028089612323599,0.0098525998415309,0.0030505878763602,0.0125629249563841,-0.4777793090464071,0.3846857498971043,-0.1830746713052045,-0.5293637791453386,-0.1830746713052045,-0.5293637791453386,-0.4777793090464071,0.3846857498971043,0.0030505878763602,0.0125629249563841,0.0028089612323599,0.0098525998415309,-0.4777793090464071,0.3846857498971043,-0.1830746713052045,-0.5293637791453386,0.0028089612323599,0.0098525998415309,0.0030505878763602,0.0125629249563841,0.4867999999999999
0.0119777758440322,-0.0007978129194631,0.0102912135746718,0.0001117541715349,-0.5198091849152203,-0.2115878199031115,-0.0270920805306276,0.6124973109066653,0.0102912135746718,0.0001117541715349,0.0119777758440322,-0.0007978129194631,-0.0270920805306276,0.6124973109066653,-0.5198091849152203,-0.2115878199031115,-0.5198091849152203,-0.2115878199031115,-0.0270920805306276,0.6124973109066653,0.0119777758440322,-0.0007978129194631,0.0102912135746718,0.0001117541715349,-0.0270920805306276,0.6124973109066653,-0.5198091849152203,-0.2115878199031115,0.0102912135746718,0.0001117541715349,0.0119777758440322,-0.0007978129194631,0.4868999999999999
0.0015947848762106,-0.0131837234849947,0.0030394180609169,-0.0098697245097878,-0.5021000043948152,0.2521162908102332,0.4420091435750222,0.4252487217113235,0.0030394180609169,-0.0098697245097878,0.0015947848762106,-0.0131837234849947,0.4420091435750222,0.4252487217113235,-0.5021000043948152,0.2521162908102332,-0.5021000043948152,0.2521162908102332,0.4420091435750222,0.4252487217113235,0.0015947848762106,-0.0131837234849947,0.0030394180609169,-0.0098697245097878,0.4420091435750222,0.4252487217113235,-0.5021000043948152,0.2521162908102332,0.0030394180609169,-0.0098697245097878,0.0015947848762106,-0.0131837234849947,0.487
-0.0132580851636318,-0.0066480297016656,-0.0086449716560527,-0.005718384265067,-0.1411029654265323,0.5437229127777227,0.6115731836126462,-0.0512143197118061,-0.0086449716560527,-0.005718384265067,-0.0132580851636318,-0.0066480297016656,0.6115731836126462,-0.0512143197118061,-0.1411029654265323,0.5437229127777227,-0.1411029654265323,0.5437229127777227,0.6115731836126462,-0.0512143197118061,-0.0132580851636318,-0.0066480297016656,-0.0086449716560527,-0.005718384265067,0.6115731836126462,-0.0512143197118061,-0.1411029654265323,0.5437229127777227,-0.0086449716560527,-0.005718384265067,-0.0132580851636318,-0.0066480297016656,0.4871
-0.0110982279057411,0.0094963596645501,-0.0079594204848009,0.0067276449522486,0.3151355929206985,0.4643358611710184,0.3650809199076982,-0.4932192645066713,-0.0079594204848009,0.0067276449522486,-0.0110982279057411,0.0094963596645501,0.3650809199076982,-0.4932192645066713,0.3151355929206985,0.4643358611710184,0.3151355929206985,0.4643358611710184,0.3650809199076982,-0.4932192645066713,-0.0110982279057411,0.0094963596645501,-0.0079594204848009,0.0067276449522486,0.3650809199076982,-0.4932192645066713,0.3151355929206985,0.4643358611710184,-0.0079594204848009,0.0067276449522486,-0.0110982279057411,0.0094963596645501,0.4871999999999999
0.0050934273839866,0.0119080267184985,0.0042349402602095,0.0095931241156555,0.5563250136049116,0.0704317687265199,-0.1292377836478771,-0.5991331494553096,0.0042349402602095,0.0095931241156555,0.0050934273839866,0.0119080267184985,-0.1292377836478771,-0.5991331494553096,0.5563250136049116,0.0704317687265199,0.5563250136049116,0.0704317687265199,-0.1292377836478771,-0.5991331494553096,0.0050934273839866,0.0119080267184985,0.0042349402602095,0.0095931241156555,-0.1292377836478771,-0.5991331494553096,0.5563250136049116,0.0704317687265199,0.0042349402602095,0.0095931241156555,0.0050934273839866,0.0119080267184985,0.4872999999999999
0.0119598451239088,-0.0030693464805751,0.0104435304427669,-0.0013461240217926,0.4211118513280629,-0.3706308024167136,-0.5339785900503945,-0.2986071826556098,0.0104435304427669,-0.0013461240217926,0.0119598451239088,-0.0030693464805751,-0.5339785900503945,-0.2986071826556098,0.4211118513280629,-0.3706308024167136,0.4211118513280629,-0.3706308024167136,-0.5339785900503945,-0.2986071826556098,0.0119598451239088,-0.0030693464805751,0.0104435304427669,-0.0013461240217926,-0.5339785900503945,-0.2986071826556098,0.4211118513280629,-0.3706308024167136,0.0104435304427669,-0.0013461240217926,0.0119598451239088,-0.0030693464805751,0.4873999999999999
-0.000570645469873,-0.0139340042051996,0.0016677567625959,-0.0104092376813485,0.000715576364184,-0.5618500502047149,-0.5764457377829878,0.2020808022417464,0.0016677567625959,-0.0104092376813485,-0.000570645469873,-0.0139340042051996,-0.5764457377829878,0.2020808022417464,0.000715576364184,-0.5618500502047149,0.000715576364184,-0.5618500502047149,-0.5764457377829878,0.2020808022417464,-0.000570645469873,-0.0139340042051996,0.0016677567625959,-0.0104092376813485,-0.5764457377829878,0.2020808022417464,0.000715576364184,-0.5618500502047149,0.0016677567625959,-0.0104092376813485,-0.000570645469873,-0.0139340042051996,0.4875
-0.0146063034279072,-0.0049413959820538,-0.0095196188922257,-0.0045314659330525,-0.421933941455146,-0.3726261192306585,-0.2306088918338068,0.5652400987445477,-0.0095196188922257,-0.0045314659330525,-0.0146063034279072,-0.0049413959820538,-0.2306088918338068,0.5652400987445477,-0.421933941455146,-0.3726261192306585,-0.421933941455146,-0.3726261192306585,-0.2306088918338068,0.5652400987445477,-0.0146063034279072,-0.0049413959820538,-0.0095196188922257,-0.0045314659330525,-0.2306088918338068,0.5652400987445477,-0.421933941455146,-0.3726261192306585,-0.0095196188922257,-0.0045314659330525,-0.0146063034279072,-0.0049413959820538,0.4876
-0.009947964795884,0.0111182903371301,-0.0070378419039806,0.0078684852589953,-0.5591358218515875,0.0707802287550087,0.2705634408894127,0.5474863849318344,-0.0070378419039806,0.0078684852589953,-0.009947964795884,0.0111182903371301,0.2705634408894127,0.5474863849318344,-0.5591358218515875,0.0707802287550087,-0.5591358218515875,0.0707802287550087,0.2705634408894127,0.5474863849318344,-0.009947964795884,0.0111182903371301,-0.0070378419039806,0.0078684852589953,0.2705634408894127,0.5474863849318344,-0.5591358218515875,0.0707802287550087,-0.0070378419039806,0.0078684852589953,-0.009947964795884,0.0111182903371301,0.4876999999999999
0.0068078605030039,0.0111962674619679,0.0055551099875157,0.0090021449288966,-0.3162424748113837,0.4664832000303401,0.5897640731628251,0.1599023254340434,0.0055551099875157,0.0090021449288966,0.0068078605030039,0.0111962674619679,0.5897640731628251,0.1599023254340434,-0.3162424748113837,0.4664832000303401,-0.3162424748113837,0.4664832000303401,0.5897640731628251,0.1599023254340434,0.0068078605030039,0.0111962674619679,0.0055551099875157,0.0090021449288966,0.5897640731628251,0.1599023254340434,-0.3162424748113837,0.4664832000303401,0.0055551099875157,0.0090021449288966,0.0068078605030039,0.0111962674619679,0.4877999999999999
0.0116242148850935,-0.0048946431466142,0.0102243320690518,-0.0027376153350806,0.1404603641098187,0.5452459383005659,0.5101760018179813,-0.336252624349728,0.0102243320690518,-0.0027376153350806,0.0116242148850935,-0.0048946431466142,0.5101760018179813,-0.336252624349728,0.1404603641098187,0.5452459383005659,0.1404603641098187,0.5452459383005659,0.5101760018179813,-0.336252624349728,0.0116242148850935,-0.0048946431466142,0.0102243320690518,-0.0027376153350806,0.5101760018179813,-0.336252624349728,0.1404603641098187,0.5452459383005659,0.0102243320690518,-0.0027376153350806,0.0116242148850935,-0.0048946431466142,0.4878999999999999
-0.002505128274031,-0.0140918242186156,0.0003247366582703,-0.010564652714444,0.500977939054928,0.255983817150873,0.0857221488704285,-0.6043046141421922,0.0003247366582703,-0.010564652714444,-0.002505128274031,-0.0140918242186156,0.0857221488704285,-0.6043046141421922,0.500977939054928,0.255983817150873,0.500977939054928,0.255983817150873,0.0857221488704285,-0.6043046141421922,-0.002505128274031,-0.0140918242186156,0.0003247366582703,-0.010564652714444,0.0857221488704285,-0.6043046141421922,0.500977939054928,0.255983817150873,0.0003247366582703,-0.010564652714444,-0.002505128274031,-0.0140918242186156,0.488
-0.0153950343036063,-0.0030911881975233,-0.0100106617335478,-0.0033477022474435,0.5240573863261107,-0.204990920520503,-0.3948908642098704,-0.4640227234651505,-0.0100106617335478,-0.0033477022474435,-0.0153950343036063,-0.0030911881975233,-0.3948908642098704,-0.4640227234651505,0.5240573863261107,-0.204990920520503,0.5240573863261107,-0.204990920520503,-0.3948908642098704,-0.4640227234651505,-0.0153950343036063,-0.0030911881975233,-0.0100106617335478,-0.0033477022474435,-0.3948908642098704,-0.4640227234651505,0.5240573863261107,-0.204990920520503,-0.0100106617335478,-0.0033477022474435,-0.0153950343036063,-0.0030911881975233,0.4881
-0.0084827729886384,0.012490907986407,-0.0060985940951575,0.0086264282498361,0.1946309833044951,-0.5288501032951054,-0.6082627344390031,-0.0127977606773045,-0.0060985940951575,0.0086264282498361,-0.0084827729886384,0.012490907986407,-0.6082627344390031,-0.0127977606773045,0.1946309833044951,-0.5288501032951054,0.1946309833044951,-0.5288501032951054,-0.6082627344390031,-0.0127977606773045,-0.0084827729886384,0.012490907986407,-0.0060985940951575,0.0086264282498361,-0.6082627344390031,-0.0127977606773045,0.1946309833044951,-0.5288501032951054,-0.0060985940951575,0.0086264282498361,-0.0084827729886384,0.012490907986407,0.4881999999999999
0.0085239538855222,0.0103184302919278,0.0064972560808094,0.0083646216724856,-0.2674287432374868,-0.4972235850926022,-0.4135305166084089,0.4457307941741288,0.0064972560808094,0.0083646216724856,0.0085239538855222,0.0103184302919278,-0.4135305166084089,0.4457307941741288,-0.2674287432374868,-0.4972235850926022,-0.2674287432374868,-0.4972235850926022,-0.4135305166084089,0.4457307941741288,0.0085239538855222,0.0103184302919278,0.0064972560808094,0.0083646216724856,-0.4135305166084089,0.4457307941741288,-0.2674287432374868,-0.4972235850926022,0.0064972560808094,0.0083646216724856,0.0085239538855222,0.0103184302919278,0.4882999999999999
0.0113398619552067,-0.006677572623377,0.0099228305946152,-0.0037747496261943,-0.5503251512680556,-0.1291574893693096,0.0582813673733893,0.6053595753727222,0.0099228305946152,-0.0037747496261943,0.0113398619552067,-0.006677572623377,0.0582813673733893,0.6053595753727222,-0.5503251512680556,-0.1291574893693096,-0.5503251512680556,-0.1291574893693096,0.0582813673733893,0.6053595753727222,0.0113398619552067,-0.006677572623377,0.0099228305946152,-0.0037747496261943,0.0582813673733893,0.6053595753727222,-0.5503251512680556,-0.1291574893693096,0.0099228305946152,-0.0037747496261943,0.0113398619552067,-0.006677572623377,0.4883999999999999
-0.0041895973343516,-0.0142798736266679,-0.0007116902680109,-0.0106117991736952,-0.4613591601330031,0.3266739835738072,0.4915161645753589,0.358650052031385,-0.0007116902680109,-0.0106117991736952,-0.0041895973343516,-0.0142798736266679,0.4915161645753589,0.358650052031385,-0.4613591601330031,0.3266739835738072,-0.4613591601330031,0.3266739835738072,0.4915161645753589,0.358650052031385,-0.0041895973343516,-0.0142798736266679,-0.0007116902680109,-0.0106117991736952,0.4915161645753589,0.358650052031385,-0.4613591601330031,0.3266739835738072,-0.0007116902680109,-0.0106117991736952,-0.0041895973343516,-0.0142798736266679,0.4885
-0.0159518788204921,-0.0015354475242323,-0.0103915753859606,-0.0024120820739451,-0.0615442675963002,0.5614719313629944,0.594512985631863,-0.1294930710644108,-0.0103915753859606,-0.0024120820739451,-0.0159518788204921,-0.0015354475242323,0.594512985631863,-0.1294930710644108,-0.0615442675963002,0.5614719313629944,-0.0615442675963002,0.5614719313629944,0.594512985631863,-0.1294930710644108,-0.0159518788204921,-0.0015354475242323,-0.0103915753859606,-0.0024120820739451,0.594512985631863,-0.1294930710644108,-0.0615442675963002,0.5614719313629944,-0.0103915753859606,-0.0024120820739451,-0.0159518788204921,-0.0015354475242323,0.4886
-0.0070580880305541,0.0134244399807359,-0.0053577116954344,0.0092925626497109,0.378403514554035,0.4187571508701845,0.2977025925725272,-0.5300407793146766,-0.0053577116954344,0.0092925626497109,-0.0070580880305541,0.0134244399807359,0.2977025925725272,-0.5300407793146766,0.378403514554035,0.4187571508701845,0.378403514554035,0.4187571508701845,0.2977025925725272,-0.5300407793146766,-0.0070580880305541,0.0134244399807359,-0.0053577116954344,0.0092925626497109,0.2977025925725272,-0.5300407793146766,0.378403514554035,0.4187571508701845,-0.0053577116954344,0.0092925626497109,-0.0070580880305541,0.0134244399807359,0.4886999999999999
0.0098979598432631,0.0091421025729217,0.0073691504063632,0.0078899341271908,0.5644640702054944,-0.0039497782763305,-0.1977810145996704,-0.5738855469384535,0.0073691504063632,0.0078899341271908,0.0098979598432631,0.0091421025729217,-0.1977810145996704,-0.5738855469384535,0.5644640702054944,-0.0039497782763305,0.5644640702054944,-0.0039497782763305,-0.1977810145996704,-0.5738855469384535,0.0098979598432631,0.0091421025729217,0.0073691504063632,0.0078899341271908,-0.1977810145996704,-0.5738855469384535,0.5644640702054944,-0.0039497782763305,0.0073691504063632,0.0078899341271908,0.0098979598432631,0.0091421025729217,0.4887999999999999
0.0106536096497292,-0.0084333290378397,0.0097515079452244,-0.0047564557977897,0.3730466673120951,-0.4245567599014799,-0.5591053278091287,-0.234074985059823,0.0097515079452244,-0.0047564557977897,0.0106536096497292,-0.0084333290378397,-0.5591053278091287,-0.234074985059823,0.3730466673120951,-0.4245567599014799,0.3730466673120951,-0.4245567599014799,-0.5591053278091287,-0.234074985059823,0.0106536096497292,-0.0084333290378397,0.0097515079452244,-0.0047564557977897,-0.5591053278091287,-0.234074985059823,0.3730466673120951,-0.4245567599014799,0.0097515079452244,-0.0047564557977897,0.0106536096497292,-0.0084333290378397,0.4888999999999999
-0.0060501310317628,-0.0142589000533734,-0.0017085742007016,-0.0107479589258242,-0.0692443717540036,-0.5618751322078193,-0.5466665987308782,0.2607432699272299,-0.0017085742007016,-0.0107479589258242,-0.0060501310317628,-0.0142589000533734,-0.5466665987308782,0.2607432699272299,-0.0692443717540036,-0.5618751322078193,-0.0692443717540036,-0.5618751322078193,-0.5466665987308782,0.2607432699272299,-0.0060501310317628,-0.0142589000533734,-0.0017085742007016,-0.0107479589258242,-0.5466665987308782,0.2607432699272299,-0.0692443717540036,-0.5618751322078193,-0.0017085742007016,-0.0107479589258242,-0.0060501310317628,-0.0142589000533734,0.489
-0.0165132440322771,9.2908780753888e-05,-0.0108169312913207,-0.0014847887726811,-0.4665468960760234,-0.3219372150388918,-0.1699273254497909,0.581399313796768,-0.0108169312913207,-0.0014847887726811,-0.0165132440322771,9.2908780753888e-05,-0.1699273254497909,0.581399313796768,-0.4665468960760234,-0.3219372150388918,-0.4665468960760234,-0.3219372150388918,-0.1699273254497909,0.581399313796768,-0.0165132440322771,9.2908780753888e-05,-0.0108169312913207,-0.0014847887726811,-0.1699273254497909,0.581399313796768,-0.4665468960760234,-0.3219372150388918,-0.0108169312913207,-0.0014847887726811,-0.0165132440322771,9.2908780753888e-05,0.4891
-0.0057960087560826,0.0143037299742448,-0.004577532631444,0.0099727727303206,-0.5507139459071365,0.1348333438442047,0.3206073315249645,0.5142625577435935,-0.004577532631444,0.0099727727303206,-0.0057960087560826,0.0143037299742448,0.3206073315249645,0.5142625577435935,-0.5507139459071365,0.1348333438442047,-0.5507139459071365,0.1348333438442047,0.3206073315249645,0.5142625577435935,-0.0057960087560826,0.0143037299742448,-0.004577532631444,0.0099727727303206,0.3206073315249645,0.5142625577435935,-0.5507139459071365,0.1348333438442047,-0.004577532631444,0.0099727727303206,-0.0057960087560826,0.0143037299742448,0.4891999999999999
0.0109337474420215,0.0081509191783067,0.0082492373623951,0.0073281886741517,-0.2654077929935446,0.5006116146082021,0.5972422261861629,0.1031751546490174,0.0082492373623951,0.0073281886741517,0.0109337474420215,0.0081509191783067,0.5972422261861629,0.1031751546490174,-0.2654077929935446,0.5006116146082021,-0.2654077929935446,0.5006116146082021,0.5972422261861629,0.1031751546490174,0.0109337474420215,0.0081509191783067,0.0082492373623951,0.0073281886741517,0.5972422261861629,0.1031751546490174,-0.2654077929935446,0.5006116146082021,0.0082492373623951,0.0073281886741517,0.0109337474420215,0.0081509191783067,0.4892999999999999
0.009870415732631,-0.0096866499644803,0.0094621421979679,-0.0057560460101885,0.1964358061241748,0.5310135441677614,0.4743306720832705,-0.376603432336437,0.0094621421979679,-0.0057560460101885,0.009870415732631,-0.0096866499644803,0.4743306720832705,-0.376603432336437,0.1964358061241748,0.5310135441677614,0.1964358061241748,0.5310135441677614,0.4743306720832705,-0.376603432336437,0.009870415732631,-0.0096866499644803,0.0094621421979679,-0.0057560460101885,0.4743306720832705,-0.376603432336437,0.1964358061241748,0.5310135441677614,0.0094621421979679,-0.0057560460101885,0.009870415732631,-0.0096866499644803,0.4893999999999999
-0.0075881164425021,-0.0138445380622396,-0.0027310668399218,-0.0107517426034406,0.5266556677575788,0.207781060796879,0.0353610116574955,-0.6037853503985666,-0.0027310668399218,-0.0107517426034406,-0.0075881164425021,-0.0138445380622396,0.0353610116574955,-0.6037853503985666,0.5266556677575788,0.207781060796879,0.5266556677575788,0.207781060796879,0.0353610116574955,-0.6037853503985666,-0.0075881164425021,-0.0138445380622396,-0.0027310668399218,-0.0107517426034406,0.0353610116574955,-0.6037853503985666,0.5266556677575788,0.207781060796879,-0.0027310668399218,-0.0107517426034406,-0.0075881164425021,-0.0138445380622396,0.4895
-0.0166962833655057,0.0017392857173325,-0.011097686870846,-0.0005319187696216,0.5066441798340297,-0.2539640108812174,-0.4254369608343036,-0.4287141969364067,-0.011097686870846,-0.0005319187696216,-0.0166962833655057,0.0017392857173325,-0.4254369608343036,-0.4287141969364067,0.5066441798340297,-0.2539640108812174,0.5066441798340297,-0.2539640108812174,-0.4254369608343036,-0.4287141969364067,-0.0166962833655057,0.0017392857173325,-0.011097686870846,-0.0005319187696216,-0.4254369608343036,-0.4287141969364067,0.5066441798340297,-0.2539640108812174,-0.011097686870846,-0.0005319187696216,-0.0166962833655057,0.0017392857173325,0.4896
-0.004388283382603,0.0150888639657247,-0.0037680074441436,0.0104890337911498,0.1487661701440847,-0.5477944739438333,-0.6027722083372246,0.0301385409502209,-0.0037680074441436,0.0104890337911498,-0.004388283382603,0.0150888639657247,-0.6027722083372246,0.0301385409502209,0.1487661701440847,-0.5477944739438333,0.1487661701440847,-0.5477944739438333,-0.6027722083372246,0.0301385409502209,-0.004388283382603,0.0150888639657247,-0.0037680074441436,0.0104890337911498,-0.6027722083372246,0.0301385409502209,0.1487661701440847,-0.5477944739438333,-0.0037680074441436,0.0104890337911498,-0.004388283382603,0.0150888639657247,0.4896999999999999
0.0120702765691273,0.0072030124323085,0.0089477884802893,0.0067165846769438,-0.3097756027171246,-0.4765320003694554,-0.3803612624159143,0.4685989683474846,0.0089477884802893,0.0067165846769438,0.0120702765691273,0.0072030124323085,-0.3803612624159143,0.4685989683474846,-0.3097756027171246,-0.4765320003694554,-0.3097756027171246,-0.4765320003694554,-0.3803612624159143,0.4685989683474846,0.0120702765691273,0.0072030124323085,0.0089477884802893,0.0067165846769438,-0.3803612624159143,0.4685989683474846,-0.3097756027171246,-0.4765320003694554,0.0089477884802893,0.0067165846769438,0.0120702765691273,0.0072030124323085,0.4897999999999999
0.009347880506723,-0.0109185523741652,0.0090893722597553,-0.0065754559032224,-0.5619518817698934,-0.0865101822594224,0.0946971748205818,0.5962960208817396,0.0090893722597553,-0.0065754559032224,0.009347880506723,-0.0109185523741652,0.0946971748205818,0.5962960208817396,-0.5619518817698934,-0.0865101822594224,-0.5619518817698934,-0.0865101822594224,0.0946971748205818,0.5962960208817396,0.009347880506723,-0.0109185523741652,0.0090893722597553,-0.0065754559032224,0.0946971748205818,0.5962960208817396,-0.5619518817698934,-0.0865101822594224,0.0090893722597553,-0.0065754559032224,0.009347880506723,-0.0109185523741652,0.4898999999999999
-0.0088438981852178,-0.013622663418107,-0.0035985555418246,-0.0106438952322497,-0.4389867510954261,0.3608847748855615,0.5071736451604725,0.3277021869572945,-0.0035985555418246,-0.0106438952322497,-0.0088438981852178,-0.013622663418107,0.5071736451604725,0.3277021869572945,-0.4389867510954261,0.3608847748855615,-0.4389867510954261,0.3608847748855615,0.5071736451604725,0.3277021869572945,-0.0088438981852178,-0.013622663418107,-0.0035985555418246,-0.0106438952322497,0.5071736451604725,0.3277021869572945,-0.4389867510954261,0.3608847748855615,-0.0035985555418246,-0.0106438952322497,-0.0088438981852178,-0.013622663418107,0.49
-0.0167628912993127,0.0030571933567287,-0.0112571118247879,0.000301202221864,-0.0245289802932884,0.567370788838084,0.5822964080876056,-0.1585637324176083,-0.0112571118247879,0.000301202221864,-0.0167628912993127,0.0030571933567287,0.5822964080876056,-0.1585637324176083,-0.0245289802932884,0.567370788838084,-0.0245289802932884,0.567370788838084,0.5822964080876056,-0.1585637324176083,-0.0167628912993127,0.0030571933567287,-0.0112571118247879,0.000301202221864,0.5822964080876056,-0.1585637324176083,-0.0245289802932884,0.567370788838084,-0.0112571118247879,0.000301202221864,-0.0167628912993127,0.0030571933567287,0.4901
-0.0030446442415231,0.0155454409596621,-0.0030496243132109,0.0108872022464038,0.4054826345742548,0.3975490839147619,0.2709229120538972,-0.5385141744530341,-0.0030496243132109,0.0108872022464038,-0.0030446442415231,0.0155454409596621,0.2709229120538972,-0.5385141744530341,0.4054826345742548,0.3975490839147619,0.4054826345742548,0.3975490839147619,0.2709229120538972,-0.5385141744530341,-0.0030446442415231,0.0155454409596621,-0.0030496243132109,0.0108872022464038,0.2709229120538972,-0.5385141744530341,0.4054826345742548,0.3975490839147619,-0.0030496243132109,0.0108872022464038,-0.0030446442415231,0.0155454409596621,0.4901999999999999
0.0129838170916655,0.0060084881804569,0.0095289032220407,0.0061752757851793,0.567201103302003,-0.035573892237613,-0.2186796826238699,-0.5609701769158776,0.0095289032220407,0.0061752757851793,0.0129838170916655,0.0060084881804569,-0.2186796826238699,-0.5609701769158776,0.567201103302003,-0.035573892237613,0.567201103302003,-0.035573892237613,-0.2186796826238699,-0.5609701769158776,0.0129838170916655,0.0060084881804569,0.0095289032220407,0.0061752757851793,-0.2186796826238699,-0.5609701769158776,0.567201103302003,-0.035573892237613,0.0095289032220407,0.0061752757851793,0.0129838170916655,0.0060084881804569,0.4902999999999999
0.0085248877677437,-0.0122059961154219,0.0087601923687459,-0.0072704479564127,0.3532502093063204,-0.4461662649226197,-0.5625847146149683,-0.2131191611733863,0.0087601923687459,-0.0072704479564127,0.0085248877677437,-0.0122059961154219,-0.5625847146149683,-0.2131191611733863,0.3532502093063204,-0.4461662649226197,0.3532502093063204,-0.4461662649226197,-0.5625847146149683,-0.2131191611733863,0.0085248877677437,-0.0122059961154219,0.0087601923687459,-0.0072704479564127,-0.5625847146149683,-0.2131191611733863,0.3532502093063204,-0.4461662649226197,0.0087601923687459,-0.0072704479564127,0.0085248877677437,-0.0122059961154219,0.4903999999999999
-0.010279858528155,-0.0132991535233007,-0.0043394789678183,-0.0105377647352316,-0.0959685341426195,-0.5616164798109965,-0.535048784017231,0.2748181509699611,-0.0043394789678183,-0.0105377647352316,-0.010279858528155,-0.0132991535233007,-0.535048784017231,0.2748181509699611,-0.0959685341426195,-0.5616164798109965,-0.0959685341426195,-0.5616164798109965,-0.535048784017231,0.2748181509699611,-0.010279858528155,-0.0132991535233007,-0.0043394789678183,-0.0105377647352316,-0.535048784017231,0.2748181509699611,-0.0959685341426195,-0.5616164798109965,-0.0043394789678183,-0.0105377647352316,-0.010279858528155,-0.0132991535233007,0.4905
-0.016886707306727,0.0043960672852057,-0.0113701283312588,0.0010256596199042,-0.4822004238917683,-0.3040386943182639,-0.1544235512445532,0.5815084898568165,-0.0113701283312588,0.0010256596199042,-0.016886707306727,0.0043960672852057,-0.1544235512445532,0.5815084898568165,-0.4822004238917683,-0.3040386943182639,-0.4822004238917683,-0.3040386943182639,-0.1544235512445532,0.5815084898568165,-0.016886707306727,0.0043960672852057,-0.0113701283312588,0.0010256596199042,-0.1544235512445532,0.5815084898568165,-0.4822004238917683,-0.3040386943182639,-0.0113701283312588,0.0010256596199042,-0.016886707306727,0.0043960672852057,0.4906
-0.0019122520646256,0.0159395243716143,-0.0024026737418577,0.011203610280474,-0.5483801377176621,0.1552288214534871,0.3285096209365358,0.5042025158178777,-0.0024026737418577,0.011203610280474,-0.0019122520646256,0.0159395243716143,0.3285096209365358,0.5042025158178777,-0.5483801377176621,0.1552288214534871,-0.5483801377176621,0.1552288214534871,0.3285096209365358,0.5042025158178777,-0.0019122520646256,0.0159395243716143,-0.0024026737418577,0.011203610280474,0.3285096209365358,0.5042025158178777,-0.5483801377176621,0.1552288214534871,-0.0024026737418577,0.011203610280474,-0.0019122520646256,0.0159395243716143,0.4906999999999999
0.0135298373225091,0.0050221055525876,0.0100144289801636,0.0056655204721426,-0.251642335023463,0.5110353509976173,0.5942382674615018,0.0936539096941532,0.0100144289801636,0.0056655204721426,0.0135298373225091,0.0050221055525876,0.5942382674615018,0.0936539096941532,-0.251642335023463,0.5110353509976173,-0.251642335023463,0.5110353509976173,0.5942382674615018,0.0936539096941532,0.0135298373225091,0.0050221055525876,0.0100144289801636,0.0056655204721426,0.5942382674615018,0.0936539096941532,-0.251642335023463,0.5110353509976173,0.0100144289801636,0.0056655204721426,0.0135298373225091,0.0050221055525876,0.4907999999999999
0.0076257767460877,-0.0129622672550069,0.0084340996755984,-0.0078678237548242,0.2106137353287926,0.5291420517499775,0.4672689370287079,-0.3779793304440259,0.0084340996755984,-0.0078678237548242,0.0076257767460877,-0.0129622672550069,0.4672689370287079,-0.3779793304440259,0.2106137353287926,0.5291420517499775,0.2106137353287926,0.5291420517499775,0.4672689370287079,-0.3779793304440259,0.0076257767460877,-0.0129622672550069,0.0084340996755984,-0.0078678237548242,0.4672689370287079,-0.3779793304440259,0.2106137353287926,0.5291420517499775,0.0084340996755984,-0.0078678237548242,0.0076257767460877,-0.0129622672550069,0.4908999999999999
-0.0113459396993416,-0.0126192359619654,-0.0049779888883913,-0.0104143160031473,0.534045237240504,0.1986800624788368,0.0330708000335835,-0.599401860131588,-0.0049779888883913,-0.0104143160031473,-0.0113459396993416,-0.0126192359619654,0.0330708000335835,-0.599401860131588,0.534045237240504,0.1986800624788368,0.534045237240504,0.1986800624788368,0.0330708000335835,-0.599401860131588,-0.0113459396993416,-0.0126192359619654,-0.0049779888883913,-0.0104143160031473,0.0330708000335835,-0.599401860131588,0.534045237240504,0.1986800624788368,-0.0049779888883913,-0.0104143160031473,-0.0113459396993416,-0.0126192359619654,0.491
-0.0166699313775128,0.0056628171657291,-0.0114393902836961,0.0016395006619828,0.5060477738851843,-0.2632824798716268,-0.421642739240405,-0.4266174240777342,-0.0114393902836961,0.0016395006619828,-0.0166699313775128,0.0056628171657291,-0.421642739240405,-0.4266174240777342,0.5060477738851843,-0.2632824798716268,0.5060477738851843,-0.2632824798716268,-0.421642739240405,-0.4266174240777342,-0.0166699313775128,0.0056628171657291,-0.0114393902836961,0.0016395006619828,-0.421642739240405,-0.4266174240777342,0.5060477738851843,-0.2632824798716268,-0.0114393902836961,0.0016395006619828,-0.0166699313775128,0.0056628171657291,0.4911
-0.000768004611657,0.0162484537374314,-0.001863467341451,0.0114388149505012,0.1439416811469315,-0.5526812275858024,-0.5991411394687218,0.0257617405680539,-0.001863467341451,0.0114388149505012,-0.000768004611657,0.0162484537374314,-0.5991411394687218,0.0257617405680539,0.1439416811469315,-0.5526812275858024,0.1439416811469315,-0.5526812275858024,-0.5991411394687218,0.0257617405680539,-0.000768004611657,0.0162484537374314,-0.001863467341451,0.0114388149505012,-0.5991411394687218,0.0257617405680539,0.1439416811469315,-0.5526812275858024,-0.001863467341451,0.0114388149505012,-0.000768004611657,0.0162484537374314,0.4911999999999999
0.0141347908124206,0.0042387337993973,0.0103832781310891,0.0052378373860878,-0.3139981073655241,-0.4775195436544563,-0.3834360077128378,0.4612635749661968,0.0103832781310891,0.0052378373860878,0.0141347908124206,0.0042387337993973,-0.3834360077128378,0.4612635749661968,-0.3139981073655241,-0.4775195436544563,-0.3139981073655241,-0.4775195436544563,-0.3834360077128378,0.4612635749661968,0.0141347908124206,0.0042387337993973,0.0103832781310891,0.0052378373860878,-0.3834360077128378,0.4612635749661968,-0.3139981073655241,-0.4775195436544563,0.0103832781310891,0.0052378373860878,0.0141347908124206,0.0042387337993973,0.4912999999999999
0.0071445551548468,-0.0135952049156743,0.0081479815804049,-0.0083329556004156,-0.5648073441241204,-0.0871389942271405,0.0843074846287057,0.593965249948904,0.0081479815804049,-0.0083329556004156,0.0071445551548468,-0.0135952049156743,0.0843074846287057,0.593965249948904,-0.5648073441241204,-0.0871389942271405,-0.5648073441241204,-0.0871389942271405,0.0843074846287057,0.593965249948904,0.0071445551548468,-0.0135952049156743,0.0081479815804049,-0.0083329556004156,0.0843074846287057,0.593965249948904,-0.5648073441241204,-0.0871389942271405,0.0081479815804049,-0.0083329556004156,0.0071445551548468,-0.0135952049156743,0.4913999999999999
-0.0119813418731875,-0.0122548265684077,-0.0054920789311016,-0.0102910154260366,-0.4434465250829641,0.3601122753211023,0.4965708990072416,0.3363289946238642,-0.0054920789311016,-0.0102910154260366,-0.0119813418731875,-0.0122548265684077,0.4965708990072416,0.3363289946238642,-0.4434465250829641,0.3601122753211023,-0.4434465250829641,0.3601122753211023,0.4965708990072416,0.3363289946238642,-0.0119813418731875,-0.0122548265684077,-0.0054920789311016,-0.0102910154260366,0.4965708990072416,0.3363289946238642,-0.4434465250829641,0.3601122753211023,-0.0054920789311016,-0.0102910154260366,-0.0119813418731875,-0.0122548265684077,0.4915
-0.0164178500241018,0.0064423896675425,-0.0114822244182752,0.0021466772693147,-0.0311587443824841,0.5702663768273005,0.5823100574902634,-0.1416653340395477,-0.0114822244182752,0.0021466772693147,-0.0164178500241018,0.0064423896675425,0.5823100574902634,-0.1416653340395477,-0.0311587443824841,0.5702663768273005,-0.0311587443824841,0.5702663768273005,0.5823100574902634,-0.1416653340395477,-0.0164178500241018,0.0064423896675425,-0.0114822244182752,0.0021466772693147,0.5823100574902634,-0.1416653340395477,-0.0311587443824841,0.5702663768273005,-0.0114822244182752,0.0021466772693147,-0.0164178500241018,0.0064423896675425,0.4916
0.0001629117839467,0.0162993650335104,-0.0014163746136034,0.0116273095853148,0.4013823601151442,0.4065720276604849,0.2864989416048323,-0.5257337520173243,-0.0014163746136034,0.0116273095853148,0.0001629117839467,0.0162993650335104,0.2864989416048323,-0.5257337520173243,0.4013823601151442,0.4065720276604849,0.4013823601151442,0.4065720276604849,0.2864989416048323,-0.5257337520173243,0.0001629117839467,0.0162993650335104,-0.0014163746136034,0.0116273095853148,0.2864989416048323,-0.5257337520173243,0.4013823601151442,0.4065720276604849,-0.0014163746136034,0.0116273095853148,0.0001629117839467,0.0162993650335104,0.4916999999999999
0.0146025378621205,0.0033798332807179,0.0106783476128597,0.0048877326793014,0.571338338215967,-0.0238251497453428,-0.1958402729992679,-0.5653274766285961,0.0106783476128597,0.0048877326793014,0.0146025378621205,0.0033798332807179,-0.1958402729992679,-0.5653274766285961,0.571338338215967,-0.0238251497453428,0.571338338215967,-0.0238251497453428,-0.1958402729992679,-0.5653274766285961,0.0146025378621205,0.0033798332807179,0.0106783476128597,0.0048877326793014,-0.1958402729992679,-0.5653274766285961,0.571338338215967,-0.0238251497453428,0.0106783476128597,0.0048877326793014,0.0146025378621205,0.0033798332807179,0.4917999999999999
0.0065962548416771,-0.0143495117688797,0.0079101980971838,-0.0086905321877988,0.3667491554404399,-0.4395018110254619,-0.5496375158979606,-0.2358473450421109,0.0079101980971838,-0.0086905321877988,0.0065962548416771,-0.0143495117688797,-0.5496375158979606,-0.2358473450421109,0.3667491554404399,-0.4395018110254619,0.3667491554404399,-0.4395018110254619,-0.5496375158979606,-0.2358473450421109,0.0065962548416771,-0.0143495117688797,0.0079101980971838,-0.0086905321877988,-0.5496375158979606,-0.2358473450421109,0.3667491554404399,-0.4395018110254619,0.0079101980971838,-0.0086905321877988,0.0065962548416771,-0.0143495117688797,0.4918999999999999
-0.0127776577152995,-0.0120577668385768,-0.0058743847431047,-0.0101656461786402,-0.0790280635240213,-0.5673522008774446,-0.544541212151888,0.2474569220793923,-0.0058743847431047,-0.0101656461786402,-0.0127776577152995,-0.0120577668385768,-0.544541212151888,0.2474569220793923,-0.0790280635240213,-0.5673522008774446,-0.0790280635240213,-0.5673522008774446,-0.544541212151888,0.2474569220793923,-0.0127776577152995,-0.0120577668385768,-0.0058743847431047,-0.0101656461786402,-0.544541212151888,0.2474569220793923,-0.0790280635240213,-0.5673522008774446,-0.0058743847431047,-0.0101656461786402,-0.0127776577152995,-0.0120577668385768,0.492
-0.0164453840503222,0.0071369019872767,-0.0114638693267429,0.0025225345990233,-0.4732419407795513,-0.3229771087098179,-0.1838103837990135,0.5692583396942944,-0.0114638693267429,0.0025225345990233,-0.0164453840503222,0.0071369019872767,-0.1838103837990135,0.5692583396942944,-0.4732419407795513,-0.3229771087098179,-0.4732419407795513,-0.3229771087098179,-0.1838103837990135,0.5692583396942944,-0.0164453840503222,0.0071369019872767,-0.0114638693267429,0.0025225345990233,-0.1838103837990135,0.5692583396942944,-0.4732419407795513,-0.3229771087098179,-0.0114638693267429,0.0025225345990233,-0.0164453840503222,0.0071369019872767,0.4921
0.0007666122625904,0.0164284968818166,-0.0010781583206266,0.0117063803078058,-0.5572485532904131,0.1328323775657807,0.2969694599363213,0.5191756617237089,-0.0010781583206266,0.0117063803078058,0.0007666122625904,0.0164284968818166,0.2969694599363213,0.5191756617237089,-0.5572485532904131,0.1328323775657807,-0.5572485532904131,0.1328323775657807,0.2969694599363213,0.5191756617237089,0.0007666122625904,0.0164284968818166,-0.0010781583206266,0.0117063803078058,0.2969694599363213,0.5191756617237089,-0.5572485532904131,0.1328323775657807,-0.0010781583206266,0.0117063803078058,0.0007666122625904,0.0164284968818166,0.4921999999999999
0.0148181031798529,0.0028004328472845,0.0108333922918591,0.0046186089650165,-0.2769636610197655,0.5013406960590124,0.5834146692258954,0.1302550024638236,0.0108333922918591,0.0046186089650165,0.0148181031798529,0.0028004328472845,0.5834146692258954,0.1302550024638236,-0.2769636610197655,0.5013406960590124,-0.2769636610197655,0.5013406960590124,0.5834146692258954,0.1302550024638236,0.0148181031798529,0.0028004328472845,0.0108333922918591,0.0046186089650165,0.5834146692258954,0.1302550024638236,-0.2769636610197655,0.5013406960590124,0.0108333922918591,0.0046186089650165,0.0148181031798529,0.0028004328472845,0.4922999999999999
0.0060374541549348,-0.0147222314910544,0.0077306147473235,-0.0088848830521231,0.1838227860133077,0.5425354633368922,0.4891514573159786,-0.3427788633238861,0.0077306147473235,-0.0088848830521231,0.0060374541549348,-0.0147222314910544,0.4891514573159786,-0.3427788633238861,0.1838227860133077,0.5425354633368922,0.1838227860133077,0.5425354633368922,0.4891514573159786,-0.3427788633238861,0.0060374541549348,-0.0147222314910544,0.0077306147473235,-0.0088848830521231,0.4891514573159786,-0.3427788633238861,0.1838227860133077,0.5425354633368922,0.0077306147473235,-0.0088848830521231,0.0060374541549348,-0.0147222314910544,0.4923999999999999
-0.0133593296488122,-0.0116290849516417,-0.0060668540546083,-0.0100741965157837,0.5249597982949374,0.2300725228751186,0.0770184931172291,-0.5918863717073347,-0.0060668540546083,-0.0100741965157837,-0.0133593296488122,-0.0116290849516417,0.0770184931172291,-0.5918863717073347,0.5249597982949374,0.2300725228751186,0.5249597982949374,0.2300725228751186,0.0770184931172291,-0.5918863717073347,-0.0133593296488122,-0.0116290849516417,-0.0060668540546083,-0.0100741965157837,0.0770184931172291,-0.5918863717073347,0.5249597982949374,0.2300725228751186,-0.0060668540546083,-0.0100741965157837,-0.0133593296488122,-0.0116290849516417,0.4925
-0.0163033449899446,0.0078450255325523,-0.0114407643995075,0.0026835589088517,0.5242799664669756,-0.232873152512985,-0.3845009652552799,-0.4562615271766608,-0.0114407643995075,0.0026835589088517,-0.0163033449899446,0.0078450255325523,-0.3845009652552799,-0.4562615271766608,0.5242799664669756,-0.232873152512985,0.5242799664669756,-0.232873152512985,-0.3845009652552799,-0.4562615271766608,-0.0163033449899446,0.0078450255325523,-0.0114407643995075,0.0026835589088517,-0.3845009652552799,-0.4562615271766608,0.5242799664669756,-0.232873152512985,-0.0114407643995075,0.0026835589088517,-0.0163033449899446,0.0078450255325523,0.4926
0.0013838641816098,0.0166123671611204,-0.0009612371602942,0.0117278120580796,0.1814943486078572,-0.5447139388156338,-0.5961701269669112,-0.0244937186887491,-0.0009612371602942,0.0117278120580796,0.0013838641816098,0.0166123671611204,-0.5961701269669112,-0.0244937186887491,0.1814943486078572,-0.5447139388156338,0.1814943486078572,-0.5447139388156338,-0.5961701269669112,-0.0244937186887491,0.0013838641816098,0.0166123671611204,-0.0009612371602942,0.0117278120580796,-0.5961701269669112,-0.0244937186887491,0.1814943486078572,-0.5447139388156338,-0.0009612371602942,0.0117278120580796,0.0013838641816098,0.0166123671611204,0.4926999999999999
0.0151599057737535,0.0024461771721844,0.0108807333086545,0.0045493983403871,-0.2801563273508796,-0.5014694293007903,-0.4206587746364811,0.4232264039647985,0.0108807333086545,0.0045493983403871,0.0151599057737535,0.0024461771721844,-0.4206587746364811,0.4232264039647985,-0.2801563273508796,-0.5014694293007903,-0.2801563273508796,-0.5014694293007903,-0.4206587746364811,0.4232264039647985,0.0151599057737535,0.0024461771721844,0.0108807333086545,0.0045493983403871,-0.4206587746364811,0.4232264039647985,-0.2801563273508796,-0.5014694293007903,0.0108807333086545,0.0045493983403871,0.0151599057737535,0.0024461771721844,0.4927999999999999
0.0058912277182762,-0.0149973695352859,0.0077113276844602,-0.0089417370495589,-0.5592139458022826,-0.1313346883514379,0.0280698720480657,0.5959697924811268,0.0077113276844602,-0.0089417370495589,0.0058912277182762,-0.0149973695352859,0.0280698720480657,0.5959697924811268,-0.5592139458022826,-0.1313346883514379,-0.5592139458022826,-0.1313346883514379,0.0280698720480657,0.5959697924811268,0.0058912277182762,-0.0149973695352859,0.0077113276844602,-0.0089417370495589,0.0280698720480657,0.5959697924811268,-0.5592139458022826,-0.1313346883514379,0.0077113276844602,-0.0089417370495589,0.0058912277182762,-0.0149973695352859,0.4928999999999999
-0.0135377214723498,-0.0114903248058151,-0.0061132999643832,-0.0101033161104995,-0.4742637114305167,0.3239164374524267,0.45815291316635,0.3817477222822701,-0.0061132999643832,-0.0101033161104995,-0.0135377214723498,-0.0114903248058151,0.45815291316635,0.3817477222822701,-0.4742637114305167,0.3239164374524267,-0.4742637114305167,0.3239164374524267,0.45815291316635,0.3817477222822701,-0.0135377214723498,-0.0114903248058151,-0.0061132999643832,-0.0101033161104995,0.45815291316635,0.3817477222822701,-0.4742637114305167,0.3239164374524267,-0.0061132999643832,-0.0101033161104995,-0.0135377214723498,-0.0114903248058151,0.493
-0.0161100689278225,0.0080992831503557,-0.0115058163523045,0.0026985719736569,-0.081527275957882,0.5685091810499538,0.5906537733713628,-0.0794946859353043,-0.0115058163523045,0.0026985719736569,-0.0161100689278225,0.0080992831503557,0.5906537733713628,-0.0794946859353043,-0.081527275957882,0.5685091810499538,-0.081527275957882,0.5685091810499538,0.5906537733713628,-0.0794946859353043,-0.0161100689278225,0.0080992831503557,-0.0115058163523045,0.0026985719736569,0.5906537733713628,-0.0794946859353043,-0.081527275957882,0.5685091810499538,-0.0115058163523045,0.0026985719736569,-0.0161100689278225,0.0080992831503557,0.4931
0.0018071076245239,0.016541996381647,-0.000989967847319,0.0118041322989233,0.3640706718735602,0.444498140072431,0.3408196642452658,-0.4885231867311154,-0.000989967847319,0.0118041322989233,0.0018071076245239,0.016541996381647,0.3408196642452658,-0.4885231867311154,0.3640706718735602,0.444498140072431,0.3640706718735602,0.444498140072431,0.3408196642452658,-0.4885231867311154,0.0018071076245239,0.016541996381647,-0.000989967847319,0.0118041322989233,0.3408196642452658,-0.4885231867311154,0.3640706718735602,0.444498140072431,-0.000989967847319,0.0118041322989233,0.0018071076245239,0.016541996381647,0.4931999999999999
0.0153788729017187,0.0020281227257982,0.0109397907511841,0.0046175720231664,0.5741035372522746,0.0321606388801835,-0.1289566627536804,-0.5813539462683608,0.0109397907511841,0.0046175720231664,0.0153788729017187,0.0020281227257982,-0.1289566627536804,-0.5813539462683608,0.5741035372522746,0.0321606388801835,0.5741035372522746,0.0321606388801835,-0.1289566627536804,-0.5813539462683608,0.0153788729017187,0.0020281227257982,0.0109397907511841,0.0046175720231664,-0.1289566627536804,-0.5813539462683608,0.5741035372522746,0.0321606388801835,0.0109397907511841,0.0046175720231664,0.0153788729017187,0.0020281227257982,0.4932999999999999
0.0057301408977416,-0.0153978159984275,0.0077993170012842,-0.0089631939499235,0.4120667549734856,-0.401705502678748,-0.5151458393248071,-0.2985935764232742,0.0077993170012842,-0.0089631939499235,0.0057301408977416,-0.0153978159984275,-0.5151458393248071,-0.2985935764232742,0.4120667549734856,-0.401705502678748,0.4120667549734856,-0.401705502678748,-0.5151458393248071,-0.2985935764232742,0.0057301408977416,-0.0153978159984275,0.0077993170012842,-0.0089631939499235,-0.5151458393248071,-0.2985935764232742,0.4120667549734856,-0.401705502678748,0.0077993170012842,-0.0089631939499235,0.0057301408977416,-0.0153978159984275,0.4933999999999999
-0.0138379949822292,-0.0115999286219589,-0.0060917495548439,-0.0101859258262706,-0.0175225399722945,-0.5755356692018077,-0.5684958708641049,0.1769492944139046,-0.0060917495548439,-0.0101859258262706,-0.0138379949822292,-0.0115999286219589,-0.5684958708641049,0.1769492944139046,-0.0175225399722945,-0.5755356692018077,-0.0175225399722945,-0.5755356692018077,-0.5684958708641049,0.1769492944139046,-0.0138379949822292,-0.0115999286219589,-0.0060917495548439,-0.0101859258262706,-0.5684958708641049,0.1769492944139046,-0.0175225399722945,-0.5755356692018077,-0.0060917495548439,-0.0101859258262706,-0.0138379949822292,-0.0115999286219589,0.4934999999999999
-0.0162589723680937,0.0081734848970331,-0.0115623248124487,0.0026402974553649,-0.4359743771798018,-0.3763375344769794,-0.2547345523812857,0.5380525610720399,-0.0115623248124487,0.0026402974553649,-0.0162589723680937,0.0081734848970331,-0.2547345523812857,0.5380525610720399,-0.4359743771798018,-0.3763375344769794,-0.4359743771798018,-0.3763375344769794,-0.2547345523812857,0.5380525610720399,-0.0162589723680937,0.0081734848970331,-0.0115623248124487,0.0026402974553649,-0.2547345523812857,0.5380525610720399,-0.4359743771798018,-0.3763375344769794,-0.0115623248124487,0.0026402974553649,-0.0162589723680937,0.0081734848970331,0.4936
0.0017967273830548,0.0165516060383883,-0.0010750914670608,0.0118198769020009,-0.572090043440914,0.0664143984711804,0.2231548613881511,0.5516922781350048,-0.0010750914670608,0.0118198769020009,0.0017967273830548,0.0165516060383883,0.2231548613881511,0.5516922781350048,-0.572090043440914,0.0664143984711804,-0.572090043440914,0.0664143984711804,0.2231548613881511,0.5516922781350048,0.0017967273830548,0.0165516060383883,-0.0010750914670608,0.0118198769020009,0.2231548613881511,0.5516922781350048,-0.572090043440914,0.0664143984711804,-0.0010750914670608,0.0118198769020009,0.0017967273830548,0.0165516060383883,0.4936999999999999
0.0153148771043687,0.0019432063319311,0.0109004052507647,0.0047180645782887,-0.3384596872363357,0.4659691930739626,0.5566526382350558,0.2097397835071995,0.0109004052507647,0.0047180645782887,0.0153148771043687,0.0019432063319311,0.5566526382350558,0.2097397835071995,-0.3384596872363357,0.4659691930739626,-0.3384596872363357,0.4659691930739626,0.5566526382350558,0.2097397835071995,0.0153148771043687,0.0019432063319311,0.0109004052507647,0.0047180645782887,0.5566526382350558,0.2097397835071995,-0.3384596872363357,0.4659691930739626,0.0109004052507647,0.0047180645782887,0.0153148771043687,0.0019432063319311,0.4937999999999999
0.0055673932927231,-0.0154294478665579,0.0078949652273947,-0.0088531984522127,0.1134519073623681,0.5647485986312804,0.5314088229370905,-0.2667648486716483,0.0078949652273947,-0.0088531984522127,0.0055673932927231,-0.0154294478665579,0.5314088229370905,-0.2667648486716483,0.1134519073623681,0.5647485986312804,0.1134519073623681,0.5647485986312804,0.5314088229370905,-0.2667648486716483,0.0055673932927231,-0.0154294478665579,0.0078949652273947,-0.0088531984522127,0.5314088229370905,-0.2667648486716483,0.1134519073623681,0.5647485986312804,0.0078949652273947,-0.0088531984522127,0.0055673932927231,-0.0154294478665579,0.4938999999999999
-0.0139926689002184,-0.0115249734817242,-0.005904630524663,-0.0102428676230436,0.4924089085170598,0.299497574416992,0.1645098530945772,-0.5712324122146001,-0.005904630524663,-0.0102428676230436,-0.0139926689002184,-0.0115249734817242,0.1645098530945772,-0.5712324122146001,0.4924089085170598,0.299497574416992,0.4924089085170598,0.299497574416992,0.1645098530945772,-0.5712324122146001,-0.0139926689002184,-0.0115249734817242,-0.005904630524663,-0.0102428676230436,0.1645098530945772,-0.5712324122146001,0.4924089085170598,0.299497574416992,-0.005904630524663,-0.0102428676230436,-0.0139926689002184,-0.0115249734817242,0.494
-0.016360833288114,0.0083001695895751,-0.0115417089864092,0.0023905799095804,0.5543954114383028,-0.1591524238231534,-0.3078715425528268,-0.5084398278036178,-0.0115417089864092,0.0023905799095804,-0.016360833288114,0.0083001695895751,-0.3078715425528268,-0.5084398278036178,0.5543954114383028,-0.1591524238231534,0.5543954114383028,-0.1591524238231534,-0.3078715425528268,-0.5084398278036178,-0.016360833288114,0.0083001695895751,-0.0115417089864092,0.0023905799095804,-0.3078715425528268,-0.5084398278036178,0.5543954114383028,-0.1591524238231534,-0.0115417089864092,0.0023905799095804,-0.016360833288114,0.0083001695895751,0.4941
0.0017416285439003,0.016733094747885,-0.0013526256412941,0.0116943834458738,0.2589514544889191,-0.5158840969793509,-0.5823091789501526,-0.1190283185784657,-0.0013526256412941,0.0116943834458738,0.0017416285439003,0.016733094747885,-0.5823091789501526,-0.1190283185784657,0.2589514544889191,-0.5158840969793509,0.2589514544889191,-0.5158840969793509,-0.5823091789501526,-0.1190283185784657,0.0017416285439003,0.016733094747885,-0.0013526256412941,0.0116943834458738,-0.5823091789501526,-0.1190283185784657,0.2589514544889191,-0.5158840969793509,-0.0013526256412941,0.0116943834458738,0.0017416285439003,0.016733094747885,0.4942
0.0153932585610849,0.0021780840450395,0.0106623402401641,0.0049815923111794,-0.2038224583769424,-0.5403360797319811,-0.4826622353172095,0.3466521716373349,0.0106623402401641,0.0049815923111794,0.0153932585610849,0.0021780840450395,-0.4826622353172095,0.3466521716373349,-0.2038224583769424,-0.5403360797319811,-0.2038224583769424,-0.5403360797319811,-0.4826622353172095,0.3466521716373349,0.0153932585610849,0.0021780840450395,0.0106623402401641,0.0049815923111794,-0.4826622353172095,0.3466521716373349,-0.2038224583769424,-0.5403360797319811,0.0106623402401641,0.0049815923111794,0.0153932585610849,0.0021780840450395,0.4942999999999999
0.0058349578470564,-0.0153066808970505,0.0081063066714794,-0.0085093056056199,-0.5353710111315851,-0.2166809790895524,-0.0733927164303605,0.5895076218654649,0.0081063066714794,-0.0085093056056199,0.0058349578470564,-0.0153066808970505,-0.0733927164303605,0.5895076218654649,-0.5353710111315851,-0.2166809790895524,-0.5353710111315851,-0.2166809790895524,-0.0733927164303605,0.5895076218654649,0.0058349578470564,-0.0153066808970505,0.0081063066714794,-0.0085093056056199,-0.0733927164303605,0.5895076218654649,-0.5353710111315851,-0.2166809790895524,0.0081063066714794,-0.0085093056056199,0.0058349578470564,-0.0153066808970505,0.4943999999999999
-0.0137289316931041,-0.0116724060690462,-0.0054693075977029,-0.0103670949176518,-0.522442000769184,0.2461167047695613,0.3824518611563475,0.4543004159527948,-0.0054693075977029,-0.0103670949176518,-0.0137289316931041,-0.0116724060690462,0.3824518611563475,0.4543004159527948,-0.522442000769184,0.2461167047695613,-0.522442000769184,0.2461167047695613,0.3824518611563475,0.4543004159527948,-0.0137289316931041,-0.0116724060690462,-0.0054693075977029,-0.0103670949176518,0.3824518611563475,0.4543004159527948,-0.522442000769184,0.2461167047695613,-0.0054693075977029,-0.0103670949176518,-0.0137289316931041,-0.0116724060690462,0.4944999999999999
-0.0163608205905069,0.0080387586566404,-0.0115435205271119,0.0018878935464348,-0.1742093194418814,0.5506509324985208,0.5930326145227023,0.0284252057993241,-0.0115435205271119,0.0018878935464348,-0.0163608205905069,0.0080387586566404,0.5930326145227023,0.0284252057993241,-0.1742093194418814,0.5506509324985208,-0.1742093194418814,0.5506509324985208,0.5930326145227023,0.0284252057993241,-0.0163608205905069,0.0080387586566404,-0.0115435205271119,0.0018878935464348,0.5930326145227023,0.0284252057993241,-0.1742093194418814,0.5506509324985208,-0.0115435205271119,0.0018878935464348,-0.0163608205905069,0.0080387586566404,0.4946
0.001556453590371,0.0166874216770809,-0.001882261596619,0.0115422563490041,0.2857351068475248,0.5022064202399329,0.4241403620897012,-0.4153876848048221,-0.001882261596619,0.0115422563490041,0.001556453590371,0.0166874216770809,0.4241403620897012,-0.4153876848048221,0.2857351068475248,0.5022064202399329,0.2857351068475248,0.5022064202399329,0.4241403620897012,-0.4153876848048221,0.001556453590371,0.0166874216770809,-0.001882261596619,0.0115422563490041,0.4241403620897012,-0.4153876848048221,0.2857351068475248,0.5022064202399329,-0.001882261596619,0.0115422563490041,0.001556453590371,0.0166874216770809,0.4947
0.015392534673321,0.00236237131532,0.0103401648002738,0.0054809287332088,0.5630139227486379,0.1318015781937504,-0.015941905273888,-0.5934314590179649,0.0103401648002738,0.0054809287332088,0.015392534673321,0.00236237131532,-0.015941905273888,-0.5934314590179649,0.5630139227486379,0.1318015781937504,0.5630139227486379,0.1318015781937504,-0.015941905273888,-0.5934314590179649,0.015392534673321,0.00236237131532,0.0103401648002738,0.0054809287332088,-0.015941905273888,-0.5934314590179649,0.5630139227486379,0.1318015781937504,0.0103401648002738,0.0054809287332088,0.015392534673321,0.00236237131532,0.4947999999999999
0.0061416621162919,-0.01528486060191,0.0085108460298623,-0.0080262949278955,0.4796972507300227,-0.3237011961279528,-0.4456556007375706,-0.3920507508658488,0.0085108460298623,-0.0080262949278955,0.0061416621162919,-0.01528486060191,-0.4456556007375706,-0.3920507508658488,0.4796972507300227,-0.3237011961279528,0.4796972507300227,-0.3237011961279528,-0.4456556007375706,-0.3920507508658488,0.0061416621162919,-0.01528486060191,0.0085108460298623,-0.0080262949278955,-0.4456556007375706,-0.3920507508658488,0.4796972507300227,-0.3237011961279528,0.0085108460298623,-0.0080262949278955,0.0061416621162919,-0.01528486060191,0.4948999999999999
-0.0135016471273086,-0.0120773706578804,-0.0048609199675798,-0.0106193277259267,0.088637956129713,-0.5722091928485519,-0.5903949984895777,0.0595728205881082,-0.0048609199675798,-0.0106193277259267,-0.0135016471273086,-0.0120773706578804,-0.5903949984895777,0.0595728205881082,0.088637956129713,-0.5722091928485519,0.088637956129713,-0.5722091928485519,-0.5903949984895777,0.0595728205881082,-0.0135016471273086,-0.0120773706578804,-0.0048609199675798,-0.0106193277259267,-0.5903949984895777,0.0595728205881082,0.088637956129713,-0.5722091928485519,-0.0048609199675798,-0.0106193277259267,-0.0135016471273086,-0.0120773706578804,0.495
-0.016645554883471,0.0075229697155564,-0.0116034705479529,0.0012079694872914,-0.3594305983851735,-0.4541566613294051,-0.3583697895090436,0.4727270829383911,-0.0116034705479529,0.0012079694872914,-0.016645554883471,0.0075229697155564,-0.3583697895090436,0.4727270829383911,-0.3594305983851735,-0.4541566613294051,-0.3594305983851735,-0.4541566613294051,-0.3583697895090436,0.4727270829383911,-0.016645554883471,0.0075229697155564,-0.0116034705479529,0.0012079694872914,-0.3583697895090436,0.4727270829383911,-0.3594305983851735,-0.4541566613294051,-0.0116034705479529,0.0012079694872914,-0.016645554883471,0.0075229697155564,0.4951
0.000913816090998,0.0166433338232088,-0.002571572202266,0.0113897285150775,-0.5774028898449983,-0.0455338766199516,0.1017850969612081,0.5842973082296935,-0.002571572202266,0.0113897285150775,0.000913816090998,0.0166433338232088,0.1017850969612081,0.5842973082296935,-0.5774028898449983,-0.0455338766199516,-0.5774028898449983,-0.0455338766199516,0.1017850969612081,0.5842973082296935,0.000913816090998,0.0166433338232088,-0.002571572202266,0.0113897285150775,0.1017850969612081,0.5842973082296935,-0.5774028898449983,-0.0455338766199516,-0.002571572202266,0.0113897285150775,0.000913816090998,0.0166433338232088,0.4952
0.0150491200216884,0.0028694331402961,0.009971946008819,0.0061140148849494,-0.426460665756858,0.3919534412838951,0.496892092703716,0.3237847490819815,0.009971946008819,0.0061140148849494,0.0150491200216884,0.0028694331402961,0.496892092703716,0.3237847490819815,-0.426460665756858,0.3919534412838951,-0.426460665756858,0.3919534412838951,0.496892092703716,0.3237847490819815,0.0150491200216884,0.0028694331402961,0.009971946008819,0.0061140148849494,0.496892092703716,0.3237847490819815,-0.426460665756858,0.3919534412838951,0.009971946008819,0.0061140148849494,0.0150491200216884,0.0028694331402961,0.4952999999999999
0.0064285624903897,-0.0148584022653809,0.0090182445677902,-0.0074569063541809,-0.0035486459204772,0.579376876760252,0.5756661151359279,-0.1427639257820005,0.0090182445677902,-0.0074569063541809,0.0064285624903897,-0.0148584022653809,0.5756661151359279,-0.1427639257820005,-0.0035486459204772,0.579376876760252,-0.0035486459204772,0.579376876760252,0.5756661151359279,-0.1427639257820005,0.0064285624903897,-0.0148584022653809,0.0090182445677902,-0.0074569063541809,0.5756661151359279,-0.1427639257820005,-0.0035486459204772,0.579376876760252,0.0090182445677902,-0.0074569063541809,0.0064285624903897,-0.0148584022653809,0.4953999999999999
-0.0131084066010007,-0.0122878403970419,-0.0041299423844069,-0.0109312285171949,0.4218929443613483,0.3976335500193694,0.288138827675341,-0.5184164907145548,-0.0041299423844069,-0.0109312285171949,-0.0131084066010007,-0.0122878403970419,0.288138827675341,-0.5184164907145548,0.4218929443613483,0.3976335500193694,0.4218929443613483,0.3976335500193694,0.288138827675341,-0.5184164907145548,-0.0131084066010007,-0.0122878403970419,-0.0041299423844069,-0.0109312285171949,0.288138827675341,-0.5184164907145548,0.4218929443613483,0.3976335500193694,-0.0041299423844069,-0.0109312285171949,-0.0131084066010007,-0.0122878403970419,0.4954999999999999
-0.0168911318163341,0.0070352422136711,-0.0116636325847586,0.000384773131331,0.5789856664959616,-0.0378358549471758,-0.1825192401354591,-0.5642515694863981,-0.0116636325847586,0.000384773131331,-0.0168911318163341,0.0070352422136711,-0.1825192401354591,-0.5642515694863981,0.5789856664959616,-0.0378358549471758,0.5789856664959616,-0.0378358549471758,-0.1825192401354591,-0.5642515694863981,-0.0168911318163341,0.0070352422136711,-0.0116636325847586,0.000384773131331,-0.1825192401354591,-0.5642515694863981,0.5789856664959616,-0.0378358549471758,-0.0116636325847586,0.000384773131331,-0.0168911318163341,0.0070352422136711,0.4956
0.0001688290263388,0.0167787377769131,-0.0033963420933453,0.0111722445119892,0.3671225956257944,-0.4498575560068983,-0.536862124620513,-0.2515721362275629,-0.0033963420933453,0.0111722445119892,0.0001688290263388,0.0167787377769131,-0.536862124620513,-0.2515721362275629,0.3671225956257944,-0.4498575560068983,0.3671225956257944,-0.4498575560068983,-0.536862124620513,-0.2515721362275629,0.0001688290263388,0.0167787377769131,-0.0033963420933453,0.0111722445119892,-0.536862124620513,-0.2515721362275629,0.3671225956257944,-0.4498575560068983,-0.0033963420933453,0.0111722445119892,0.0001688290263388,0.0167787377769131,0.4957
0.0148040111056032,0.0037792335926991,0.0094870417316976,0.0068467364021806,-0.0789976681966158,-0.575490107824751,-0.5501959326355644,0.2204076095470007,0.0094870417316976,0.0068467364021806,0.0148040111056032,0.0037792335926991,-0.5501959326355644,0.2204076095470007,-0.0789976681966158,-0.575490107824751,-0.0789976681966158,-0.575490107824751,-0.5501959326355644,0.2204076095470007,0.0148040111056032,0.0037792335926991,0.0094870417316976,0.0068467364021806,-0.5501959326355644,0.2204076095470007,-0.0789976681966158,-0.575490107824751,0.0094870417316976,0.0068467364021806,0.0148040111056032,0.0037792335926991,0.4957999999999999
0.0071833277764156,-0.0141653538846307,0.009576271342715,-0.0067439500284596,-0.474835865723469,-0.3346905159807818,-0.214865171317581,0.5522610179975019,0.009576271342715,-0.0067439500284596,0.0071833277764156,-0.0141653538846307,-0.214865171317581,0.5522610179975019,-0.474835865723469,-0.3346905159807818,-0.474835865723469,-0.3346905159807818,-0.214865171317581,0.5522610179975019,0.0071833277764156,-0.0141653538846307,0.009576271342715,-0.0067439500284596,-0.214865171317581,0.5522610179975019,-0.474835865723469,-0.3346905159807818,0.009576271342715,-0.0067439500284596,0.0071833277764156,-0.0141653538846307,0.4958999999999999
-0.0121923801081042,-0.0126597917937658,-0.0032494177348462,-0.0112465259384226,-0.5686875579697589,0.1186768731091392,0.2563318287584694,0.5343024793834119,-0.0032494177348462,-0.0112465259384226,-0.0121923801081042,-0.0126597917937658,0.2563318287584694,0.5343024793834119,-0.5686875579697589,0.1186768731091392,-0.5686875579697589,0.1186768731091392,0.2563318287584694,0.5343024793834119,-0.0121923801081042,-0.0126597917937658,-0.0032494177348462,-0.0112465259384226,0.2563318287584694,0.5343024793834119,-0.5686875579697589,0.1186768731091392,-0.0032494177348462,-0.0112465259384226,-0.0121923801081042,-0.0126597917937658,0.496
-0.0169358548317468,0.0061532861003915,-0.0116845935296507,-0.0005828780629784,-0.3017233711890079,0.4966018281926696,0.5653404667679145,0.1781598504046211,-0.0116845935296507,-0.0005828780629784,-0.0169358548317468,0.0061532861003915,0.5653404667679145,0.1781598504046211,-0.3017233711890079,0.4966018281926696,-0.3017233711890079,0.4966018281926696,0.5653404667679145,0.1781598504046211,-0.0169358548317468,0.0061532861003915,-0.0116845935296507,-0.0005828780629784,0.5653404667679145,0.1781598504046211,-0.3017233711890079,0.4966018281926696,-0.0116845935296507,-0.0005828780629784,-0.0169358548317468,0.0061532861003915,0.4961
-0.0006429931129565,0.0166655457951672,-0.0043509574800199,0.0108722548123239,0.1566502896788038,0.5599266501453978,0.516610695989976,-0.2909096671681357,-0.0043509574800199,0.0108722548123239,-0.0006429931129565,0.0166655457951672,0.516610695989976,-0.2909096671681357,0.1566502896788038,0.5599266501453978,0.1566502896788038,0.5599266501453978,0.516610695989976,-0.2909096671681357,-0.0006429931129565,0.0166655457951672,-0.0043509574800199,0.0108722548123239,0.516610695989976,-0.2909096671681357,0.1566502896788038,0.5599266501453978,-0.0043509574800199,0.0108722548123239,-0.0006429931129565,0.0166655457951672,0.4962
0.0145428474279733,0.0046309326977534,0.0088762101883247,0.0076771888957063,0.516334930538634,0.2683421840909338,0.1409052649343126,-0.5758972746563343,0.0088762101883247,0.0076771888957063,0.0145428474279733,0.0046309326977534,0.1409052649343126,-0.5758972746563343,0.516334930538634,0.2683421840909338,0.516334930538634,0.2683421840909338,0.1409052649343126,-0.5758972746563343,0.0145428474279733,0.0046309326977534,0.0088762101883247,0.0076771888957063,0.1409052649343126,-0.5758972746563343,0.516334930538634,0.2683421840909338,0.0088762101883247,0.0076771888957063,0.0145428474279733,0.0046309326977534,0.4962999999999999
0.0080658761061847,-0.0135958772849644,0.010177740862354,-0.0058741320345399,0.5491064098731173,-0.1938800207688439,-0.3236245741481575,-0.4965504862492266,0.010177740862354,-0.0058741320345399,0.0080658761061847,-0.0135958772849644,-0.3236245741481575,-0.4965504862492266,0.5491064098731173,-0.1938800207688439,0.5491064098731173,-0.1938800207688439,-0.3236245741481575,-0.4965504862492266,0.0080658761061847,-0.0135958772849644,0.010177740862354,-0.0058741320345399,-0.3236245741481575,-0.4965504862492266,0.5491064098731173,-0.1938800207688439,0.010177740862354,-0.0058741320345399,0.0080658761061847,-0.0135958772849644,0.4963999999999999
-0.0112202057106513,-0.0133546693973226,-0.002208240552135,-0.0115381873251416,0.2337607879103452,-0.5336375018561944,-0.5832708013535197,-0.1039066449988805,-0.002208240552135,-0.0115381873251416,-0.0112202057106513,-0.0133546693973226,-0.5832708013535197,-0.1039066449988805,0.2337607879103452,-0.5336375018561944,0.2337607879103452,-0.5336375018561944,-0.5832708013535197,-0.1039066449988805,-0.0112202057106513,-0.0133546693973226,-0.002208240552135,-0.0115381873251416,-0.5832708013535197,-0.1039066449988805,0.2337607879103452,-0.5336375018561944,-0.002208240552135,-0.0115381873251416,-0.0112202057106513,-0.0133546693973226,0.4964999999999999
-0.0171939299054712,0.0049120892901475,-0.0116206135116159,-0.0016853153968799,-0.2296864425763927,-0.535524133097112,-0.4751168087593611,0.3537201261457116,-0.0116206135116159,-0.0016853153968799,-0.0171939299054712,0.0049120892901475,-0.4751168087593611,0.3537201261457116,-0.2296864425763927,-0.535524133097112,-0.2296864425763927,-0.535524133097112,-0.4751168087593611,0.3537201261457116,-0.0171939299054712,0.0049120892901475,-0.0116206135116159,-0.0016853153968799,-0.4751168087593611,0.3537201261457116,-0.2296864425763927,-0.535524133097112,-0.0116206135116159,-0.0016853153968799,-0.0171939299054712,0.0049120892901475,0.4966
-0.0018803738237231,0.0164128430463619,-0.0053961303668248,0.0104446702111168,-0.5478069475870048,-0.1988368241031923,-0.0679384768917685,0.5885263313127098,-0.0053961303668248,0.0104446702111168,-0.0018803738237231,0.0164128430463619,-0.0679384768917685,0.5885263313127098,-0.5478069475870048,-0.1988368241031923,-0.5478069475870048,-0.1988368241031923,-0.0679384768917685,0.5885263313127098,-0.0018803738237231,0.0164128430463619,-0.0053961303668248,0.0104446702111168,-0.0679384768917685,0.5885263313127098,-0.5478069475870048,-0.1988368241031923,-0.0053961303668248,0.0104446702111168,-0.0018803738237231,0.0164128430463619,0.4967
0.0138939730690054,0.0056511278868159,0.0081134067717989,0.008548491956103,-0.5200670217257992,0.2633416813931712,0.382249030295623,0.4529685330914408,0.0081134067717989,0.008548491956103,0.0138939730690054,0.0056511278868159,0.382249030295623,0.4529685330914408,-0.5200670217257992,0.2633416813931712,-0.5200670217257992,0.2633416813931712,0.382249030295623,0.4529685330914408,0.0138939730690054,0.0056511278868159,0.0081134067717989,0.008548491956103,0.382249030295623,0.4529685330914408,-0.5200670217257992,0.2633416813931712,0.0081134067717989,0.008548491956103,0.0138939730690054,0.0056511278868159,0.4967999999999999
0.0088076164649039,-0.0127116699350244,0.0107682720974137,-0.0048401815404104,-0.1642780921528062,0.5596331518623,0.5920745080707674,0.0319761759192744,0.0107682720974137,-0.0048401815404104,0.0088076164649039,-0.0127116699350244,0.5920745080707674,0.0319761759192744,-0.1642780921528062,0.5596331518623,-0.1642780921528062,0.5596331518623,0.5920745080707674,0.0319761759192744,0.0088076164649039,-0.0127116699350244,0.0107682720974137,-0.0048401815404104,0.5920745080707674,0.0319761759192744,-0.1642780921528062,0.5596331518623,0.0107682720974137,-0.0048401815404104,0.0088076164649039,-0.0127116699350244,0.4968999999999999
-0.010179783600538,-0.0138436037158031,-0.0010034292373672,-0.0117617253271072,0.2954870653177749,0.5033344051436733,0.429066358842853,-0.4093001167955553,-0.0010034292373672,-0.0117617253271072,-0.010179783600538,-0.0138436037158031,0.429066358842853,-0.4093001167955553,0.2954870653177749,0.5033344051436733,0.2954870653177749,0.5033344051436733,0.429066358842853,-0.4093001167955553,-0.010179783600538,-0.0138436037158031,-0.0010034292373672,-0.0117617253271072,0.429066358842853,-0.4093001167955553,0.2954870653177749,0.5033344051436733,-0.0010034292373672,-0.0117617253271072,-0.010179783600538,-0.0138436037158031,0.4969999999999999
-0.0174143845822879,0.0037079750777962,-0.0114279076076055,-0.0029298251444169,0.5695264735078137,0.1295518640392717,-0.0037625197928615,-0.5928007958507534,-0.0114279076076055,-0.0029298251444169,-0.0174143845822879,0.0037079750777962,-0.0037625197928615,-0.5928007958507534,0.5695264735078137,0.1295518640392717,0.5695264735078137,0.1295518640392717,-0.0037625197928615,-0.5928007958507534,-0.0174143845822879,0.0037079750777962,-0.0114279076076055,-0.0029298251444169,-0.0037625197928615,-0.5928007958507534,0.5695264735078137,0.1295518640392717,-0.0114279076076055,-0.0029298251444169,-0.0174143845822879,0.0037079750777962,0.4971
-0.0032298665642224,0.0162432293233968,-0.0065352971610003,0.0098372644436708,0.4848001866777547,-0.3263166438858221,-0.4336533629800598,-0.4038431106853802,-0.0065352971610003,0.0098372644436708,-0.0032298665642224,0.0162432293233968,-0.4336533629800598,-0.4038431106853802,0.4848001866777547,-0.3263166438858221,0.4848001866777547,-0.3263166438858221,-0.4336533629800598,-0.4038431106853802,-0.0032298665642224,0.0162432293233968,-0.0065352971610003,0.0098372644436708,-0.4336533629800598,-0.4038431106853802,0.4848001866777547,-0.3263166438858221,-0.0065352971610003,0.0098372644436708,-0.0032298665642224,0.0162432293233968,0.4972
0.0131869857598668,0.0069775969846985,0.007144911522589,0.0094465433491545,0.0946397865721382,-0.5768610553217358,-0.5912330139026497,0.0379803799589819,0.007144911522589,0.0094465433491545,0.0131869857598668,0.0069775969846985,-0.5912330139026497,0.0379803799589819,0.0946397865721382,-0.5768610553217358,0.0946397865721382,-0.5768610553217358,-0.5912330139026497,0.0379803799589819,0.0131869857598668,0.0069775969846985,0.007144911522589,0.0094465433491545,-0.5912330139026497,0.0379803799589819,0.0946397865721382,-0.5768610553217358,0.007144911522589,0.0094465433491545,0.0131869857598668,0.0069775969846985,0.4972999999999999
0.0098082742921971,-0.0114715559533632,0.0113161326132058,-0.0036056634371823,-0.3550503110382808,-0.4645363828249916,-0.3785927724594176,0.4558408374185627,0.0113161326132058,-0.0036056634371823,0.0098082742921971,-0.0114715559533632,-0.3785927724594176,0.4558408374185627,-0.3550503110382808,-0.4645363828249916,-0.3550503110382808,-0.4645363828249916,-0.3785927724594176,0.4558408374185627,0.0098082742921971,-0.0114715559533632,0.0113161326132058,-0.0036056634371823,-0.3785927724594176,0.4558408374185627,-0.3550503110382808,-0.4645363828249916,0.0113161326132058,-0.0036056634371823,0.0098082742921971,-0.0114715559533632,0.4973999999999999
-0.0086442807493363,-0.0142754048439526,0.000372937523151,-0.0118850357966675,-0.5817172309064906,-0.0604512525978487,0.0711916893944915,0.5885658380324855,0.000372937523151,-0.0118850357966675,-0.0086442807493363,-0.0142754048439526,0.0711916893944915,0.5885658380324855,-0.5817172309064906,-0.0604512525978487,-0.5817172309064906,-0.0604512525978487,0.0711916893944915,0.5885658380324855,-0.0086442807493363,-0.0142754048439526,0.000372937523151,-0.0118850357966675,0.0711916893944915,0.5885658380324855,-0.5817172309064906,-0.0604512525978487,0.000372937523151,-0.0118850357966675,-0.0086442807493363,-0.0142754048439526,0.4974999999999999
-0.0172752678095404,0.0021961508059451,-0.0110925929789695,-0.0043035616112524,-0.4434901532724681,0.3817442253892357,0.4768923979564722,0.3527695971494221,-0.0110925929789695,-0.0043035616112524,-0.0172752678095404,0.0021961508059451,0.4768923979564722,0.3527695971494221,-0.4434901532724681,0.3817442253892357,-0.4434901532724681,0.3817442253892357,0.4768923979564722,0.3527695971494221,-0.0172752678095404,0.0021961508059451,-0.0110925929789695,-0.0043035616112524,0.4768923979564722,0.3527695971494221,-0.4434901532724681,0.3817442253892357,-0.0110925929789695,-0.0043035616112524,-0.0172752678095404,0.0021961508059451,0.4976
-0.0045592826713975,0.0157070112305852,-0.0077520489633511,0.0090575926461639,-0.0269178107243625,0.5849658942761301,0.5841344471340602,-0.1042568677472126,-0.0077520489633511,0.0090575926461639,-0.0045592826713975,0.0157070112305852,0.5841344471340602,-0.1042568677472126,-0.0269178107243625,0.5849658942761301,-0.0269178107243625,0.5849658942761301,0.5841344471340602,-0.1042568677472126,-0.0045592826713975,0.0157070112305852,-0.0077520489633511,0.0090575926461639,0.5841344471340602,-0.1042568677472126,-0.0269178107243625,0.5849658942761301,-0.0077520489633511,0.0090575926461639,-0.0045592826713975,0.0157070112305852,0.4977
0.0123510511914723,0.0081549753604756,0.0059893033953834,0.0103596376830183,0.407107235092765,0.4214934285966036,0.325628439377961,-0.4959474811016249,0.0059893033953834,0.0103596376830183,0.0123510511914723,0.0081549753604756,0.325628439377961,-0.4959474811016249,0.407107235092765,0.4214934285966036,0.407107235092765,0.4214934285966036,0.325628439377961,-0.4959474811016249,0.0123510511914723,0.0081549753604756,0.0059893033953834,0.0103596376830183,0.325628439377961,-0.4959474811016249,0.407107235092765,0.4214934285966036,0.0059893033953834,0.0103596376830183,0.0123510511914723,0.0081549753604756,0.4977999999999999
0.0108189587450502,-0.0102500037428357,0.0118083127583865,-0.0021929762609958,0.5862475776186645,-0.0064810793678518,-0.1360935808294897,-0.5772296742434316,0.0118083127583865,-0.0021929762609958,0.0108189587450502,-0.0102500037428357,-0.1360935808294897,-0.5772296742434316,0.5862475776186645,-0.0064810793678518,0.5862475776186645,-0.0064810793678518,-0.1360935808294897,-0.5772296742434316,0.0108189587450502,-0.0102500037428357,0.0118083127583865,-0.0021929762609958,-0.1360935808294897,-0.5772296742434316,0.5862475776186645,-0.0064810793678518,0.0118083127583865,-0.0021929762609958,0.0108189587450502,-0.0102500037428357,0.4978999999999999
-0.0069727389207156,-0.0148820249767599,0.0018877515152572,-0.011886759541069,0.3981832483516114,-0.4305430976562088,-0.5122759016743802,-0.2984379481706956,0.0018877515152572,-0.011886759541069,-0.0069727389207156,-0.0148820249767599,-0.5122759016743802,-0.2984379481706956,0.3981832483516114,-0.4305430976562088,0.3981832483516114,-0.4305430976562088,-0.5122759016743802,-0.2984379481706956,-0.0069727389207156,-0.0148820249767599,0.0018877515152572,-0.011886759541069,-0.5122759016743802,-0.2984379481706956,0.3981832483516114,-0.4305430976562088,0.0018877515152572,-0.011886759541069,-0.0069727389207156,-0.0148820249767599,0.4979999999999999
-0.017170566160633,0.0002854469132587,-0.0105918271288721,-0.0057499870247889,-0.0389428081778938,-0.5853010900614677,-0.5692306634599756,0.1659521417075583,-0.0105918271288721,-0.0057499870247889,-0.017170566160633,0.0002854469132587,-0.5692306634599756,0.1659521417075583,-0.0389428081778938,-0.5853010900614677,-0.0389428081778938,-0.5853010900614677,-0.5692306634599756,0.1659521417075583,-0.017170566160633,0.0002854469132587,-0.0105918271288721,-0.0057499870247889,-0.5692306634599756,0.1659521417075583,-0.0389428081778938,-0.5853010900614677,-0.0105918271288721,-0.0057499870247889,-0.017170566160633,0.0002854469132587,0.4981
-0.006279469375826,0.0148302775803793,-0.0089651763310196,0.0081002158275544,-0.4518531043458664,-0.3744691838432137,-0.2719011407402557,0.5272905933823443,-0.0089651763310196,0.0081002158275544,-0.006279469375826,0.0148302775803793,-0.2719011407402557,0.5272905933823443,-0.4518531043458664,-0.3744691838432137,-0.4518531043458664,-0.3744691838432137,-0.2719011407402557,0.5272905933823443,-0.006279469375826,0.0148302775803793,-0.0089651763310196,0.0081002158275544,-0.2719011407402557,0.5272905933823443,-0.4518531043458664,-0.3744691838432137,-0.0089651763310196,0.0081002158275544,-0.006279469375826,0.0148302775803793,0.4982
0.0109629910425669,0.0093622121866227,0.0046725778530046,0.0111976533625189,-0.5830136379826937,0.0703360277142528,0.1952371597980728,0.5606897919765382,0.0046725778530046,0.0111976533625189,0.0109629910425669,0.0093622121866227,0.1952371597980728,0.5606897919765382,-0.5830136379826937,0.0703360277142528,-0.5830136379826937,0.0703360277142528,0.1952371597980728,0.5606897919765382,0.0109629910425669,0.0093622121866227,0.0046725778530046,0.0111976533625189,0.1952371597980728,0.5606897919765382,-0.5830136379826937,0.0703360277142528,0.0046725778530046,0.0111976533625189,0.0109629910425669,0.0093622121866227,0.4982999999999999
0.0114933089084274,-0.0086662411955224,0.0121656787486291,-0.0006564828908357,-0.3503673870190866,0.4717942033130269,0.5412973335916386,0.244616738258646,0.0121656787486291,-0.0006564828908357,0.0114933089084274,-0.0086662411955224,0.5412973335916386,0.244616738258646,-0.3503673870190866,0.4717942033130269,-0.3503673870190866,0.4717942033130269,0.5412973335916386,0.244616738258646,0.0114933089084274,-0.0086662411955224,0.0121656787486291,-0.0006564828908357,0.5412973335916386,0.244616738258646,-0.3503673870190866,0.4717942033130269,0.0121656787486291,-0.0006564828908357,0.0114933089084274,-0.0086662411955224,0.4983999999999999
-0.0052988465385746,-0.0151399491834911,0.0034722831652597,-0.0117066601606478,0.1012392131629056,0.5792240216403434,0.5501730338624268,-0.2239614437638513,0.0034722831652597,-0.0117066601606478,-0.0052988465385746,-0.0151399491834911,0.5501730338624268,-0.2239614437638513,0.1012392131629056,0.5792240216403434,0.1012392131629056,0.5792240216403434,0.5501730338624268,-0.2239614437638513,-0.0052988465385746,-0.0151399491834911,0.0034722831652597,-0.0117066601606478,0.5501730338624268,-0.2239614437638513,0.1012392131629056,0.5792240216403434,0.0034722831652597,-0.0117066601606478,-0.0052988465385746,-0.0151399491834911,0.4984999999999999
-0.0169786157374074,-0.0015153312715152,-0.0098792109409754,-0.0071945573484797,0.4899909631093997,0.3254588636191632,0.2168445319264088,-0.5527963928918858,-0.0098792109409754,-0.0071945573484797,-0.0169786157374074,-0.0015153312715152,0.2168445319264088,-0.5527963928918858,0.4899909631093997,0.3254588636191632,0.4899909631093997,0.3254588636191632,0.2168445319264088,-0.5527963928918858,-0.0169786157374074,-0.0015153312715152,-0.0098792109409754,-0.0071945573484797,0.2168445319264088,-0.5527963928918858,0.4899909631093997,0.3254588636191632,-0.0098792109409754,-0.0071945573484797,-0.0169786157374074,-0.0015153312715152,0.4986
-0.0080974085931268,0.0139876673861458,-0.0100906537473899,0.0069285672980322,0.5736110183877474,-0.1310793267680422,-0.250562016153356,-0.5381401728675214,-0.0100906537473899,0.0069285672980322,-0.0080974085931268,0.0139876673861458,-0.250562016153356,-0.5381401728675214,0.5736110183877474,-0.1310793267680422,0.5736110183877474,-0.1310793267680422,-0.250562016153356,-0.5381401728675214,-0.0080974085931268,0.0139876673861458,-0.0100906537473899,0.0069285672980322,-0.250562016153356,-0.5381401728675214,0.5736110183877474,-0.1310793267680422,-0.0100906537473899,0.0069285672980322,-0.0080974085931268,0.0139876673861458,0.4987
0.0093822981076222,0.0108310050414471,0.0031760917621887,0.0118616216446408,0.3004432896041051,-0.5061572795677557,-0.5623599790447567,-0.190160983459566,0.0031760917621887,0.0118616216446408,0.0093822981076222,0.0108310050414471,-0.5623599790447567,-0.190160983459566,0.3004432896041051,-0.5061572795677557,0.3004432896041051,-0.5061572795677557,-0.5623599790447567,-0.190160983459566,0.0093822981076222,0.0108310050414471,0.0031760917621887,0.0118616216446408,-0.5623599790447567,-0.190160983459566,0.3004432896041051,-0.5061572795677557,0.0031760917621887,0.0118616216446408,0.0093822981076222,0.0108310050414471,0.4987999999999999
0.0122252063673257,-0.0065902928585609,0.0122813002570453,0.0009901747981824,-0.1595784637350229,-0.5669033259832282,-0.5260994108714688,0.2756611907655232,0.0122813002570453,0.0009901747981824,0.0122252063673257,-0.0065902928585609,-0.5260994108714688,0.2756611907655232,-0.1595784637350229,-0.5669033259832282,-0.1595784637350229,-0.5669033259832282,-0.5260994108714688,0.2756611907655232,0.0122252063673257,-0.0065902928585609,0.0122813002570453,0.0009901747981824,-0.5260994108714688,0.2756611907655232,-0.1595784637350229,-0.5669033259832282,0.0122813002570453,0.0009901747981824,0.0122252063673257,-0.0065902928585609,0.4988999999999999
-0.0031704472438291,-0.015028952906821,0.0050759142671748,-0.0112494617425824,-0.5209686726134787,-0.2755681731456462,-0.1639078238932109,0.5713487465413166,0.0050759142671748,-0.0112494617425824,-0.0031704472438291,-0.015028952906821,-0.1639078238932109,0.5713487465413166,-0.5209686726134787,-0.2755681731456462,-0.5209686726134787,-0.2755681731456462,-0.1639078238932109,0.5713487465413166,-0.0031704472438291,-0.015028952906821,0.0050759142671748,-0.0112494617425824,-0.1639078238932109,0.5713487465413166,-0.5209686726134787,-0.2755681731456462,0.0050759142671748,-0.0112494617425824,-0.0031704472438291,-0.015028952906821,0.4989999999999999
-0.0162101598809687,-0.0033762031355946,-0.0088886238499864,-0.008561793844562,-0.5592615404790466,0.1873269320688045,0.3004304840819552,0.5133269794791052,-0.0088886238499864,-0.008561793844562,-0.0162101598809687,-0.0033762031355946,0.3004304840819552,0.5133269794791052,-0.5592615404790466,0.1873269320688045,-0.5592615404790466,0.1873269320688045,0.3004304840819552,0.5133269794791052,-0.0162101598809687,-0.0033762031355946,-0.0088886238499864,-0.008561793844562,0.3004304840819552,0.5133269794791052,-0.5592615404790466,0.1873269320688045,-0.0088886238499864,-0.008561793844562,-0.0162101598809687,-0.0033762031355946,0.4991
-0.0096216209848662,0.0127676777205085,-0.0110470663649044,0.0055081835543189,-0.2503005533135607,0.5344407005709646,0.5789272104091719,0.1370891654483744,-0.0110470663649044,0.0055081835543189,-0.0096216209848662,0.0127676777205085,0.5789272104091719,0.1370891654483744,-0.2503005533135607,0.5344407005709646,-0.2503005533135607,0.5344407005709646,0.5789272104091719,0.1370891654483744,-0.0096216209848662,0.0127676777205085,-0.0110470663649044,0.0055081835543189,0.5789272104091719,0.1370891654483744,-0.2503005533135607,0.5344407005709646,-0.0110470663649044,0.0055081835543189,-0.0096216209848662,0.0127676777205085,0.4992
0.0077440436932478,0.012009807310373,0.0014877255277193,0.0122746299013349,0.2141669360079817,0.5501422068344032,0.498943683257451,-0.3238930329019368,0.0014877255277193,0.0122746299013349,0.0077440436932478,0.012009807310373,0.498943683257451,-0.3238930329019368,0.2141669360079817,0.5501422068344032,0.2141669360079817,0.5501422068344032,0.498943683257451,-0.3238930329019368,0.0077440436932478,0.012009807310373,0.0014877255277193,0.0122746299013349,0.498943683257451,-0.3238930329019368,0.2141669360079817,0.5501422068344032,0.0014877255277193,0.0122746299013349,0.0077440436932478,0.012009807310373,0.4992999999999999
0.0128861759467306,-0.0045142601632224,0.0120815610761106,0.002743665841159,0.5459506904700374,0.2249573394356093,0.1108153589784437,-0.5842603577435219,0.0120815610761106,0.002743665841159,0.0128861759467306,-0.0045142601632224,0.1108153589784437,-0.5842603577435219,0.5459506904700374,0.2249573394356093,0.5459506904700374,0.2249573394356093,0.1108153589784437,-0.5842603577435219,0.0128861759467306,-0.0045142601632224,0.0120815610761106,0.002743665841159,0.1108153589784437,-0.5842603577435219,0.5459506904700374,0.2249573394356093,0.0120815610761106,0.002743665841159,0.0128861759467306,-0.0045142601632224,0.4993999999999999
-0.0008361458931621,-0.0148889451310082,0.0066766620057352,-0.0104432960936874,0.539976729616284,-0.2393653648699761,-0.3452095916983029,-0.4841497503804964,0.0066766620057352,-0.0104432960936874,-0.0008361458931621,-0.0148889451310082,-0.3452095916983029,-0.4841497503804964,0.539976729616284,-0.2393653648699761,0.539976729616284,-0.2393653648699761,-0.3452095916983029,-0.4841497503804964,-0.0008361458931621,-0.0148889451310082,0.0066766620057352,-0.0104432960936874,-0.3452095916983029,-0.4841497503804964,0.539976729616284,-0.2393653648699761,0.0066766620057352,-0.0104432960936874,-0.0008361458931621,-0.0148889451310082,0.4994999999999999
-0.0151446241237138,-0.0055507307387687,-0.0075588752943021,-0.0098055982243932,0.2003569999652946,-0.5559988760869138,-0.5885812424612509,-0.085929858355805,-0.0075588752943021,-0.0098055982243932,-0.0151446241237138,-0.0055507307387687,-0.5885812424612509,-0.085929858355805,0.2003569999652946,-0.5559988760869138,0.2003569999652946,-0.5559988760869138,-0.5885812424612509,-0.085929858355805,-0.0151446241237138,-0.0055507307387687,-0.0075588752943021,-0.0098055982243932,-0.5885812424612509,-0.085929858355805,0.2003569999652946,-0.5559988760869138,-0.0075588752943021,-0.0098055982243932,-0.0151446241237138,-0.0055507307387687,0.4996
-0.0112155809096105,0.0109639177939081,-0.0117697950835835,0.003804380802214,-0.2634740152401667,-0.5295966291628879,-0.4697451713940654,0.3656048871312214,-0.0117697950835835,0.003804380802214,-0.0112155809096105,0.0109639177939081,-0.4697451713940654,0.3656048871312214,-0.2634740152401667,-0.5295966291628879,-0.2634740152401667,-0.5295966291628879,-0.4697451713940654,0.3656048871312214,-0.0112155809096105,0.0109639177939081,-0.0117697950835835,0.003804380802214,-0.4697451713940654,0.3656048871312214,-0.2634740152401667,-0.5295966291628879,-0.0117697950835835,0.003804380802214,-0.0112155809096105,0.0109639177939081,0.4997
0.0055659282457374,0.0128366459055829,-0.0003923532093226,0.012372400952349,-0.5653410591991394,-0.1758722475294845,-0.0612218765970248,0.5925755016992855,-0.0003923532093226,0.012372400952349,0.0055659282457374,0.0128366459055829,-0.0612218765970248,0.5925755016992855,-0.5653410591991394,-0.1758722475294845,-0.5653410591991394,-0.1758722475294845,-0.0612218765970248,0.5925755016992855,0.0055659282457374,0.0128366459055829,-0.0003923532093226,0.012372400952349,-0.0612218765970248,0.5925755016992855,-0.5653410591991394,-0.1758722475294845,-0.0003923532093226,0.012372400952349,0.0055659282457374,0.0128366459055829,0.4997999999999999
0.0129839913900602,-0.00225612168985,0.0115223345162708,0.0045767926736833,-0.5182453416944095,0.2871033698586647,0.3855906541217899,0.454504246802926,0.0115223345162708,0.0045767926736833,0.0129839913900602,-0.00225612168985,0.3855906541217899,0.454504246802926,-0.5182453416944095,0.2871033698586647,-0.5182453416944095,0.2871033698586647,0.3855906541217899,0.454504246802926,0.0129839913900602,-0.00225612168985,0.0115223345162708,0.0045767926736833,0.3855906541217899,0.454504246802926,-0.5182453416944095,0.2871033698586647,0.0115223345162708,0.0045767926736833,0.0129839913900602,-0.00225612168985,0.4998999999999999
0.001358502341901,-0.0143273676802409,0.0082374504393921,-0.0092716084347653,-0.1510660109208308,0.5730375510995266,0.5949604104394387,0.0363750003524665,0.0082374504393921,-0.0092716084347653,0.001358502341901,-0.0143273676802409,0.5949604104394387,0.0363750003524665,-0.1510660109208308,0.5730375510995266,-0.1510660109208308,0.5730375510995266,0.5949604104394387,0.0363750003524665,0.001358502341901,-0.0143273676802409,0.0082374504393921,-0.0092716084347653,0.5949604104394387,0.0363750003524665,-0.1510660109208308,0.5730375510995266,0.0082374504393921,-0.0092716084347653,0.001358502341901,-0.0143273676802409,0.4999999999999999
-0.0139037389215126,-0.0075584980112537,-0.0058960219892923,-0.0108912817757101,0.3091092695387483,0.5056467352954201,0.4382829702360164,-0.4038013243696194,-0.0058960219892923,-0.0108912817757101,-0.0139037389215126,-0.0075584980112537,0.4382829702360164,-0.4038013243696194,0.3091092695387483,0.5056467352954201,0.3091092695387483,0.5056467352954201,0.4382829702360164,-0.4038013243696194,-0.0139037389215126,-0.0075584980112537,-0.0058960219892923,-0.0108912817757101,0.4382829702360164,-0.4038013243696194,0.3091092695387483,0.5056467352954201,-0.0058960219892923,-0.0108912817757101,-0.0139037389215126,-0.0075584980112537,0.5001
-0.0127882644102715,0.0090209913326006,-0.0122284714501976,0.0018403695663865,0.5789414746122644,0.1272577145813422,0.0128256905753435,-0.5957129668410084,-0.0122284714501976,0.0018403695663865,-0.0127882644102715,0.0090209913326006,0.0128256905753435,-0.5957129668410084,0.5789414746122644,0.1272577145813422,0.5789414746122644,0.1272577145813422,0.0128256905753435,-0.5957129668410084,-0.0127882644102715,0.0090209913326006,-0.0122284714501976,0.0018403695663865,0.0128256905753435,-0.5957129668410084,0.5789414746122644,0.1272577145813422,-0.0122284714501976,0.0018403695663865,-0.0127882644102715,0.0090209913326006,0.5002
0.0030753468406445,0.0136366337223526,-0.0024210362363669,0.0121289754511708,0.4932218625397156,-0.3294515839526308,-0.4202829800927143,-0.4225376047469907,-0.0024210362363669,0.0121289754511708,0.0030753468406445,0.0136366337223526,-0.4202829800927143,-0.4225376047469907,0.4932218625397156,-0.3294515839526308,0.4932218625397156,-0.3294515839526308,-0.4202829800927143,-0.4225376047469907,0.0030753468406445,0.0136366337223526,-0.0024210362363669,0.0121289754511708,-0.4202829800927143,-0.4225376047469907,0.4932218625397156,-0.3294515839526308,-0.0024210362363669,0.0121289754511708,0.0030753468406445,0.0136366337223526,0.5003
0.0127840995769013,0.0003958920770599,0.0105911903985027,0.0064207485690904,0.1043748541977384,-0.5844846501342428,-0.596238795120529,0.0095133303201207,0.0105911903985027,0.0064207485690904,0.0127840995769013,0.0003958920770599,-0.596238795120529,0.0095133303201207,0.1043748541977384,-0.5844846501342428,0.1043748541977384,-0.5844846501342428,-0.596238795120529,0.0095133303201207,0.0127840995769013,0.0003958920770599,0.0105911903985027,0.0064207485690904,-0.596238795120529,0.0095133303201207,0.1043748541977384,-0.5844846501342428,0.0105911903985027,0.0064207485690904,0.0127840995769013,0.0003958920770599,0.5004
0.0037106054478927,-0.0131737502908384,0.0096676405638645,-0.0077525873426907,-0.3494991764470592,-0.4807515636768363,-0.4071351504719417,0.4363314850184918,0.0096676405638645,-0.0077525873426907,0.0037106054478927,-0.0131737502908384,-0.4071351504719417,0.4363314850184918,-0.3494991764470592,-0.4807515636768363,-0.3494991764470592,-0.4807515636768363,-0.4071351504719417,0.4363314850184918,0.0037106054478927,-0.0131737502908384,0.0096676405638645,-0.0077525873426907,-0.4071351504719417,0.4363314850184918,-0.3494991764470592,-0.4807515636768363,0.0096676405638645,-0.0077525873426907,0.0037106054478927,-0.0131737502908384,0.5005
-0.0120681143934669,-0.0093004099434627,-0.003960863495387,-0.0117245378158608,-0.5892579604453808,-0.0811437627555862,0.0318060616975823,0.5963332880299321,-0.003960863495387,-0.0117245378158608,-0.0120681143934669,-0.0093004099434627,0.0318060616975823,0.5963332880299321,-0.5892579604453808,-0.0811437627555862,-0.5892579604453808,-0.0811437627555862,0.0318060616975823,0.5963332880299321,-0.0120681143934669,-0.0093004099434627,-0.003960863495387,-0.0117245378158608,0.0318060616975823,0.5963332880299321,-0.5892579604453808,-0.0811437627555862,-0.003960863495387,-0.0117245378158608,-0.0120681143934669,-0.0093004099434627,0.5005999999999999
-0.0138293295941054,0.00679196897764,-0.0123475911064939,-0.0002842621162314,-0.4670451383943783,0.3686265190634156,0.4516462660175008,0.3910207671686634,-0.0123475911064939,-0.0002842621162314,-0.0138293295941054,0.00679196897764,0.4516462660175008,0.3910207671686634,-0.4670451383943783,0.3686265190634156,-0.4670451383943783,0.3686265190634156,0.4516462660175008,0.3910207671686634,-0.0138293295941054,0.00679196897764,-0.0123475911064939,-0.0002842621162314,0.4516462660175008,0.3910207671686634,-0.4670451383943783,0.3686265190634156,-0.0123475911064939,-0.0002842621162314,-0.0138293295941054,0.00679196897764,0.5006999999999999
0.0006236767395806,0.013962400627173,-0.0044759760961864,0.0115001954589036,-0.058397841051509,0.5921153922674692,0.5949967974561232,-0.0536539384978631,-0.0044759760961864,0.0115001954589036,0.0006236767395806,0.013962400627173,0.5949967974561232,-0.0536539384978631,-0.058397841051509,0.5921153922674692,-0.058397841051509,0.5921153922674692,0.5949967974561232,-0.0536539384978631,0.0006236767395806,0.013962400627173,-0.0044759760961864,0.0115001954589036,0.5949967974561232,-0.0536539384978631,-0.058397841051509,0.5921153922674692,-0.0044759760961864,0.0115001954589036,0.0006236767395806,0.013962400627173,0.5007999999999999
0.0123010897264089,0.0029294087304382,0.0092746642310115,0.008145142421432,0.3856970571414752,0.4531007940299061,0.3746641874237871,-0.4652250232192996,0.0092746642310115,0.008145142421432,0.0123010897264089,0.0029294087304382,0.3746641874237871,-0.4652250232192996,0.3856970571414752,0.4531007940299061,0.3856970571414752,0.4531007940299061,0.3746641874237871,-0.4652250232192996,0.0123010897264089,0.0029294087304382,0.0092746642310115,0.008145142421432,0.3746641874237871,-0.4652250232192996,0.3856970571414752,0.4531007940299061,0.0092746642310115,0.008145142421432,0.0123010897264089,0.0029294087304382,0.5009
0.00603882510177,-0.0117627209804211,0.0108343193979572,-0.0058995546715368,0.5941615295808527,0.0372720677948501,-0.0740173005134276,-0.5927260304672184,0.0108343193979572,-0.0058995546715368,0.00603882510177,-0.0117627209804211,-0.0740173005134276,-0.5927260304672184,0.5941615295808527,0.0372720677948501,0.5941615295808527,0.0372720677948501,-0.0740173005134276,-0.5927260304672184,0.00603882510177,-0.0117627209804211,0.0108343193979572,-0.0058995546715368,-0.0740173005134276,-0.5927260304672184,0.5941615295808527,0.0372720677948501,0.0108343193979572,-0.0058995546715368,0.00603882510177,-0.0117627209804211,0.501
-0.0097983023226724,-0.0109882239277166,-0.0017963194812104,-0.0121723430039849,0.4400250683400893,-0.4018755510014745,-0.4775527560231309,-0.3591407271995503,-0.0017963194812104,-0.0121723430039849,-0.0097983023226724,-0.0109882239277166,-0.4775527560231309,-0.3591407271995503,0.4400250683400893,-0.4018755510014745,0.4400250683400893,-0.4018755510014745,-0.4775527560231309,-0.3591407271995503,-0.0097983023226724,-0.0109882239277166,-0.0017963194812104,-0.0121723430039849,-0.4775527560231309,-0.3591407271995503,0.4400250683400893,-0.4018755510014745,-0.0017963194812104,-0.0121723430039849,-0.0097983023226724,-0.0109882239277166,0.5011
-0.0145185722461199,0.0040245485921602,-0.0120046520647486,-0.0024903114142931,0.0165542344411883,-0.5964248619638796,-0.5905998944263753,0.0933575893223718,-0.0120046520647486,-0.0024903114142931,-0.0145185722461199,0.0040245485921602,-0.5905998944263753,0.0933575893223718,0.0165542344411883,-0.5964248619638796,0.0165542344411883,-0.5964248619638796,-0.5905998944263753,0.0933575893223718,-0.0145185722461199,0.0040245485921602,-0.0120046520647486,-0.0024903114142931,-0.5905998944263753,0.0933575893223718,0.0165542344411883,-0.5964248619638796,-0.0120046520647486,-0.0024903114142931,-0.0145185722461199,0.0040245485921602,0.5012
-0.0021475134951327,0.0135836966798072,-0.0064438488579666,0.0103941752226024,-0.4180635043732467,-0.4265338933371065,-0.3439897837303483,0.4896701348009019,-0.0064438488579666,0.0103941752226024,-0.0021475134951327,0.0135836966798072,-0.3439897837303483,0.4896701348009019,-0.4180635043732467,-0.4265338933371065,-0.4180635043732467,-0.4265338933371065,-0.3439897837303483,0.4896701348009019,-0.0021475134951327,0.0135836966798072,-0.0064438488579666,0.0103941752226024,-0.3439897837303483,0.4896701348009019,-0.4180635043732467,-0.4265338933371065,-0.0064438488579666,0.0103941752226024,-0.0021475134951327,0.0135836966798072,0.5013
0.0110397536032279,0.0053343537740779,0.007528709899917,0.00962067380371,-0.5975036582105744,0.0045030020238889,0.1126486457809448,0.5881117577765914,0.007528709899917,0.00962067380371,0.0110397536032279,0.0053343537740779,0.1126486457809448,0.5881117577765914,-0.5975036582105744,0.0045030020238889,-0.5975036582105744,0.0045030020238889,0.1126486457809448,0.5881117577765914,0.0110397536032279,0.0053343537740779,0.007528709899917,0.00962067380371,0.1126486457809448,0.5881117577765914,-0.5975036582105744,0.0045030020238889,0.007528709899917,0.00962067380371,0.0110397536032279,0.0053343537740779,0.5014
0.0079100802124006,-0.0098411908112064,0.0116182383487746,-0.0037176701501062,-0.4120323468364228,0.4327012138806931,0.5009768498125033,0.3283068553547538,0.0116182383487746,-0.0037176701501062,0.0079100802124006,-0.0098411908112064,0.5009768498125033,0.3283068553547538,-0.4120323468364228,0.4327012138806931,-0.4120323468364228,0.4327012138806931,0.5009768498125033,0.3283068553547538,0.0079100802124006,-0.0098411908112064,0.0116182383487746,-0.0037176701501062,0.5009768498125033,0.3283068553547538,-0.4120323468364228,0.4327012138806931,0.0116182383487746,-0.0037176701501062,0.0079100802124006,-0.0098411908112064,0.5015
-0.0073451603995157,-0.0122148581427159,0.0005570380424521,-0.0121439871812158,0.0241712998560168,0.5969347105860588,0.584406289813637,-0.1311722786064386,0.0005570380424521,-0.0121439871812158,-0.0073451603995157,-0.0122148581427159,0.584406289813637,-0.1311722786064386,0.0241712998560168,0.5969347105860588,0.0241712998560168,0.5969347105860588,0.584406289813637,-0.1311722786064386,-0.0073451603995157,-0.0122148581427159,0.0005570380424521,-0.0121439871812158,0.584406289813637,-0.1311722786064386,0.0241712998560168,0.5969347105860588,0.0005570380424521,-0.0121439871812158,-0.0073451603995157,-0.0122148581427159,0.5015999999999999
-0.0148993248291277,0.001172698309406,-0.011142117110273,-0.0047176168817874,0.4454379301435508,0.3983891962425112,0.3129161583470994,-0.5106402127284052,-0.011142117110273,-0.0047176168817874,-0.0148993248291277,0.001172698309406,0.3129161583470994,-0.5106402127284052,0.4454379301435508,0.3983891962425112,0.4454379301435508,0.3983891962425112,0.3129161583470994,-0.5106402127284052,-0.0148993248291277,0.001172698309406,-0.011142117110273,-0.0047176168817874,0.3129161583470994,-0.5106402127284052,0.4454379301435508,0.3983891962425112,-0.011142117110273,-0.0047176168817874,-0.0148993248291277,0.001172698309406,0.5016999999999999
-0.0050824465485129,0.0128926656909773,-0.0082526873322012,0.008785737681533,0.5966699116514246,-0.0422132082208371,-0.1481044093582815,-0.5803710769809876,-0.0082526873322012,0.008785737681533,-0.0050824465485129,0.0128926656909773,-0.1481044093582815,-0.5803710769809876,0.5966699116514246,-0.0422132082208371,0.5966699116514246,-0.0422132082208371,-0.1481044093582815,-0.5803710769809876,-0.0050824465485129,0.0128926656909773,-0.0082526873322012,0.008785737681533,-0.1481044093582815,-0.5803710769809876,0.5966699116514246,-0.0422132082208371,-0.0082526873322012,0.008785737681533,-0.0050824465485129,0.0128926656909773,0.5018
0.009251202295381,0.0078502056996025,0.0053654443542097,0.010767616367555,0.3857016272356159,-0.4582451537683928,-0.5195576931281604,-0.2986245615729948,0.0053654443542097,0.010767616367555,0.009251202295381,0.0078502056996025,-0.5195576931281604,-0.2986245615729948,0.3857016272356159,-0.4582451537683928,0.3857016272356159,-0.4582451537683928,-0.5195576931281604,-0.2986245615729948,0.009251202295381,0.0078502056996025,0.0053654443542097,0.010767616367555,-0.5195576931281604,-0.2986245615729948,0.3857016272356159,-0.4582451537683928,0.0053654443542097,0.010767616367555,0.009251202295381,0.0078502056996025,0.5019
0.009544293778481,-0.0072536269322711,0.0119443232364317,-0.0012658843326211,-0.0605735461571119,-0.5966232664375926,-0.5767689796605718,0.1643120450129753,0.0119443232364317,-0.0012658843326211,0.009544293778481,-0.0072536269322711,-0.5767689796605718,0.1643120450129753,-0.0605735461571119,-0.5966232664375926,-0.0605735461571119,-0.5966232664375926,-0.5767689796605718,0.1643120450129753,0.009544293778481,-0.0072536269322711,0.0119443232364317,-0.0012658843326211,-0.5767689796605718,0.1643120450129753,-0.0605735461571119,-0.5966232664375926,0.0119443232364317,-0.0012658843326211,0.009544293778481,-0.0072536269322711,0.502
-0.0044415307954947,-0.0127802388774912,0.0029925644047686,-0.0115930031511006,-0.4708158071022503,-0.3720685630506701,-0.2846070023153115,0.5284195347590446,0.0029925644047686,-0.0115930031511006,-0.0044415307954947,-0.0127802388774912,-0.2846070023153115,0.5284195347590446,-0.4708158071022503,-0.3720685630506701,-0.4708158071022503,-0.3720685630506701,-0.2846070023153115,0.5284195347590446,-0.0044415307954947,-0.0127802388774912,0.0029925644047686,-0.0115930031511006,-0.2846070023153115,0.5284195347590446,-0.4708158071022503,-0.3720685630506701,0.0029925644047686,-0.0115930031511006,-0.0044415307954947,-0.0127802388774912,0.5021
-0.0144814231853503,-0.0016463928908294,-0.009765356307189,-0.0068292616152911,-0.5949297495500258,0.0787116034535806,0.180401316630885,0.5727992177114454,-0.009765356307189,-0.0068292616152911,-0.0144814231853503,-0.0016463928908294,0.180401316630885,0.5727992177114454,-0.5949297495500258,0.0787116034535806,-0.5949297495500258,0.0787116034535806,0.180401316630885,0.5727992177114454,-0.0144814231853503,-0.0016463928908294,-0.009765356307189,-0.0068292616152911,0.180401316630885,0.5727992177114454,-0.5949297495500258,0.0787116034535806,-0.009765356307189,-0.0068292616152911,-0.0144814231853503,-0.0016463928908294,0.5022
-0.0076027666569463,0.0116339204196212,-0.0097642927167934,0.0067391063575124,-0.3582430301959871,0.4813052516122464,0.5364161765505169,0.2703253210241032,-0.0097642927167934,0.0067391063575124,-0.0076027666569463,0.0116339204196212,0.5364161765505169,0.2703253210241032,-0.3582430301959871,0.4813052516122464,-0.3582430301959871,0.4813052516122464,0.5364161765505169,0.2703253210241032,-0.0076027666569463,0.0116339204196212,-0.0097642927167934,0.0067391063575124,0.5364161765505169,0.2703253210241032,-0.3582430301959871,0.4813052516122464,-0.0097642927167934,0.0067391063575124,-0.0076027666569463,0.0116339204196212,0.5023
0.0072044744571417,0.0098947625179833,0.0028969157731063,0.0114701631393836,0.0947981434883465,0.5925076830271295,0.5679520464252317,-0.1955244942808065,0.0028969157731063,0.0114701631393836,0.0072044744571417,0.0098947625179833,0.5679520464252317,-0.1955244942808065,0.0947981434883465,0.5925076830271295,0.0947981434883465,0.5925076830271295,0.5679520464252317,-0.1955244942808065,0.0072044744571417,0.0098947625179833,0.0028969157731063,0.0114701631393836,0.5679520464252317,-0.1955244942808065,0.0947981434883465,0.5925076830271295,0.0028969157731063,0.0114701631393836,0.0072044744571417,0.0098947625179833,0.5024
0.0108060274708283,-0.0044959285123419,0.0117285592531282,0.0013118868890969,0.4907450091734433,0.3460232368209942,0.2566774575813553,-0.5430205256680273,0.0117285592531282,0.0013118868890969,0.0108060274708283,-0.0044959285123419,0.2566774575813553,-0.5430205256680273,0.4907450091734433,0.3460232368209942,0.4907450091734433,0.3460232368209942,0.2566774575813553,-0.5430205256680273,0.0108060274708283,-0.0044959285123419,0.0117285592531282,0.0013118868890969,0.2566774575813553,-0.5430205256680273,0.4907450091734433,0.3460232368209942,0.0117285592531282,0.0013118868890969,0.0108060274708283,-0.0044959285123419,0.5025
-0.0012903402954359,-0.0129038550005102,0.0053433887803658,-0.0104697224343675,0.5910918663026654,-0.1099429310145418,-0.2091064744514488,-0.5631688835257377,0.0053433887803658,-0.0104697224343675,-0.0012903402954359,-0.0129038550005102,-0.2091064744514488,-0.5631688835257377,0.5910918663026654,-0.1099429310145418,0.5910918663026654,-0.1099429310145418,-0.2091064744514488,-0.5631688835257377,-0.0012903402954359,-0.0129038550005102,0.0053433887803658,-0.0104697224343675,-0.2091064744514488,-0.5631688835257377,0.5910918663026654,-0.1099429310145418,0.0053433887803658,-0.0104697224343675,-0.0012903402954359,-0.0129038550005102,0.5025999999999999
-0.0133370711956187,-0.0046287994872822,-0.0078670824531215,-0.0086405212981544,0.3342266129438823,-0.5007720784254265,-0.5492022723756987,-0.2442877604234257,-0.0078670824531215,-0.0086405212981544,-0.0133370711956187,-0.0046287994872822,-0.5492022723756987,-0.2442877604234257,0.3342266129438823,-0.5007720784254265,0.3342266129438823,-0.5007720784254265,-0.5492022723756987,-0.2442877604234257,-0.0133370711956187,-0.0046287994872822,-0.0078670824531215,-0.0086405212981544,-0.5492022723756987,-0.2442877604234257,0.3342266129438823,-0.5007720784254265,-0.0078670824531215,-0.0086405212981544,-0.0133370711956187,-0.0046287994872822,0.5026999999999999
-0.0098760553576168,0.0094595188662676,-0.0107905208681041,0.0043026906230747,-0.1256653767648794,-0.5894059982785937,-0.5590949536342209,0.2221364382068263,-0.0107905208681041,0.0043026906230747,-0.0098760553576168,0.0094595188662676,-0.5590949536342209,0.2221364382068263,-0.1256653767648794,-0.5894059982785937,-0.1256653767648794,-0.5894059982785937,-0.5590949536342209,0.2221364382068263,-0.0098760553576168,0.0094595188662676,-0.0107905208681041,0.0043026906230747,-0.5590949536342209,0.2221364382068263,-0.1256653767648794,-0.5894059982785937,-0.0107905208681041,0.0043026906230747,-0.0098760553576168,0.0094595188662676,0.5027999999999999
0.0044416398481645,0.0111952703511051,0.0002314109534132,0.0115651355115218,-0.5099850726628905,-0.3214479927303905,-0.2321398444830571,0.555583023909806,0.0002314109534132,0.0115651355115218,0.0044416398481645,0.0111952703511051,-0.2321398444830571,0.555583023909806,-0.5099850726628905,-0.3214479927303905,-0.5099850726628905,-0.3214479927303905,-0.2321398444830571,0.555583023909806,0.0044416398481645,0.0111952703511051,0.0002314109534132,0.0115651355115218,-0.2321398444830571,0.555583023909806,-0.5099850726628905,-0.3214479927303905,0.0002314109534132,0.0115651355115218,0.0044416398481645,0.0111952703511051,0.5029
0.0111240187712482,-0.0015157953634644,0.010862313777581,0.0038642706454452,-0.5861374930276222,0.140416760972863,0.2351713153257577,0.5546635186573119,0.010862313777581,0.0038642706454452,0.0111240187712482,-0.0015157953634644,0.2351713153257577,0.5546635186573119,-0.5861374930276222,0.140416760972863,-0.5861374930276222,0.140416760972863,0.2351713153257577,0.5546635186573119,0.0111240187712482,-0.0015157953634644,0.010862313777581,0.0038642706454452,0.2351713153257577,0.5546635186573119,-0.5861374930276222,0.140416760972863,0.010862313777581,0.0038642706454452,0.0111240187712482,-0.0015157953634644,0.503
0.0016800140639043,-0.0122646711173369,0.0074469550222163,-0.0087329678075367,-0.3093837418428491,0.5171396347775716,0.561018953805552,0.2197636373191048,0.0074469550222163,-0.0087329678075367,0.0016800140639043,-0.0122646711173369,0.561018953805552,0.2197636373191048,-0.3093837418428491,0.5171396347775716,-0.3093837418428491,0.5171396347775716,0.561018953805552,0.2197636373191048,0.0016800140639043,-0.0122646711173369,0.0074469550222163,-0.0087329678075367,0.561018953805552,0.2197636373191048,-0.3093837418428491,0.5171396347775716,0.0074469550222163,-0.0087329678075367,0.0016800140639043,-0.0122646711173369,0.5031
-0.011693173474934,-0.0073423531294715,-0.0054659653174898,-0.0100063723126605,0.1530116025725083,0.583108591669265,0.5494905341188899,-0.2469757903938958,-0.0054659653174898,-0.0100063723126605,-0.011693173474934,-0.0073423531294715,0.5494905341188899,-0.2469757903938958,0.1530116025725083,0.583108591669265,0.1530116025725083,0.583108591669265,0.5494905341188899,-0.2469757903938958,-0.011693173474934,-0.0073423531294715,-0.0054659653174898,-0.0100063723126605,0.5494905341188899,-0.2469757903938958,0.1530116025725083,0.583108591669265,-0.0054659653174898,-0.0100063723126605,-0.011693173474934,-0.0073423531294715,0.5032
-0.0119275772864025,0.0068346423311773,-0.0112184099609823,0.0015399741678443,0.524151346862226,0.2991450047848233,0.2084772151366365,-0.5651960225241076,-0.0112184099609823,0.0015399741678443,-0.0119275772864025,0.0068346423311773,0.2084772151366365,-0.5651960225241076,0.524151346862226,0.2991450047848233,0.524151346862226,0.2991450047848233,0.2084772151366365,-0.5651960225241076,-0.0119275772864025,0.0068346423311773,-0.0112184099609823,0.0015399741678443,0.2084772151366365,-0.5651960225241076,0.524151346862226,0.2991450047848233,-0.0112184099609823,0.0015399741678443,-0.0119275772864025,0.0068346423311773,0.5033
0.0011380284643509,0.0121331638769633,-0.0025320741631668,0.0109787128987838,0.5813192643977018,-0.1654309761275587,-0.2572886235648748,-0.5449456864825799,-0.0025320741631668,0.0109787128987838,0.0011380284643509,0.0121331638769633,-0.2572886235648748,-0.5449456864825799,0.5813192643977018,-0.1654309761275587,0.5813192643977018,-0.1654309761275587,-0.2572886235648748,-0.5449456864825799,0.0011380284643509,0.0121331638769633,-0.0025320741631668,0.0109787128987838,-0.2572886235648748,-0.5449456864825799,0.5813192643977018,-0.1654309761275587,-0.0025320741631668,0.0109787128987838,0.0011380284643509,0.0121331638769633,0.5034
0.0107244052524862,0.0018952697450755,0.0093235105089893,0.0062631038727644,0.2886979654176447,-0.5318654884107789,-0.5694940918432649,-0.1984957290151099,0.0093235105089893,0.0062631038727644,0.0107244052524862,0.0018952697450755,-0.5694940918432649,-0.1984957290151099,0.2886979654176447,-0.5318654884107789,0.2886979654176447,-0.5318654884107789,-0.5694940918432649,-0.1984957290151099,0.0107244052524862,0.0018952697450755,0.0093235105089893,0.0062631038727644,-0.5694940918432649,-0.1984957290151099,0.2886979654176447,-0.5318654884107789,0.0093235105089893,0.0062631038727644,0.0107244052524862,0.0018952697450755,0.5035
0.0046174236696584,-0.0106732093339152,0.0091633313193655,-0.006430595784824,-0.1783333353400404,-0.5786810026408132,-0.5411913644670415,0.2674653654911409,0.0091633313193655,-0.006430595784824,0.0046174236696584,-0.0106732093339152,-0.5411913644670415,0.2674653654911409,-0.1783333353400404,-0.5786810026408132,-0.1783333353400404,-0.5786810026408132,-0.5411913644670415,0.2674653654911409,0.0046174236696584,-0.0106732093339152,0.0091633313193655,-0.006430595784824,-0.5411913644670415,0.2674653654911409,-0.1783333353400404,-0.5786810026408132,0.0091633313193655,-0.006430595784824,0.0046174236696584,-0.0106732093339152,0.5035999999999999
-0.0092801375368596,-0.0094667586427318,-0.0026879060432984,-0.0108090105136768,-0.5381325327193359,-0.2775795817369106,-0.1885020225495416,0.5740095118768915,-0.0026879060432984,-0.0108090105136768,-0.0092801375368596,-0.0094667586427318,-0.1885020225495416,0.5740095118768915,-0.5381325327193359,-0.2775795817369106,-0.5381325327193359,-0.2775795817369106,-0.1885020225495416,0.5740095118768915,-0.0092801375368596,-0.0094667586427318,-0.0026879060432984,-0.0108090105136768,-0.1885020225495416,0.5740095118768915,-0.5381325327193359,-0.2775795817369106,-0.0026879060432984,-0.0108090105136768,-0.0092801375368596,-0.0094667586427318,0.5036999999999999
-0.0131358326881995,0.0039347320236339,-0.010989171299493,-0.0013607762359579,-0.5749106229231484,0.1895108678018093,0.2775279757643031,0.5369392759320543,-0.010989171299493,-0.0013607762359579,-0.0131358326881995,0.0039347320236339,0.2775279757643031,0.5369392759320543,-0.5749106229231484,0.1895108678018093,-0.5749106229231484,0.1895108678018093,0.2775279757643031,0.5369392759320543,-0.0131358326881995,0.0039347320236339,-0.010989171299493,-0.0013607762359579,0.2775279757643031,0.5369392759320543,-0.5749106229231484,0.1895108678018093,-0.010989171299493,-0.0013607762359579,-0.0131358326881995,0.0039347320236339,0.5037999999999999
-0.0020265152910819,0.0123530510720948,-0.0051772030778033,0.0097310207880134,-0.268036142022032,0.5428198447909607,0.577457515582091,0.1785433195490829,-0.0051772030778033,0.0097310207880134,-0.0020265152910819,0.0123530510720948,0.577457515582091,0.1785433195490829,-0.268036142022032,0.5428198447909607,-0.268036142022032,0.5428198447909607,0.577457515582091,0.1785433195490829,-0.0020265152910819,0.0123530510720948,-0.0051772030778033,0.0097310207880134,0.577457515582091,0.1785433195490829,-0.268036142022032,0.5428198447909607,-0.0051772030778033,0.0097310207880134,-0.0020265152910819,0.0123530510720948,0.5039
0.0098097396075387,0.0050481973603728,0.0072085024503652,0.0082974837824728,0.1989535444913517,0.5722584687693831,0.5322870357575052,-0.2861679645205941,0.0072085024503652,0.0082974837824728,0.0098097396075387,0.0050481973603728,0.5322870357575052,-0.2861679645205941,0.1989535444913517,0.5722584687693831,0.1989535444913517,0.5722584687693831,0.5322870357575052,-0.2861679645205941,0.0098097396075387,0.0050481973603728,0.0072085024503652,0.0082974837824728,0.5322870357575052,-0.2861679645205941,0.1989535444913517,0.5722584687693831,0.0072085024503652,0.0082974837824728,0.0098097396075387,0.0050481973603728,0.504
0.0072817226462093,-0.0085655891596684,0.0103071106385317,-0.0037228500713706,0.5481445256370698,0.259970043383719,0.169968567755012,-0.57996272254538,0.0103071106385317,-0.0037228500713706,0.0072817226462093,-0.0085655891596684,0.169968567755012,-0.57996272254538,0.5481445256370698,0.259970043383719,0.5481445256370698,0.259970043383719,0.169968567755012,-0.57996272254538,0.0072817226462093,-0.0085655891596684,0.0103071106385317,-0.0037228500713706,0.169968567755012,-0.57996272254538,0.5481445256370698,0.259970043383719,0.0103071106385317,-0.0037228500713706,0.0072817226462093,-0.0085655891596684,0.5041
-0.0062433997269435,-0.0110926170595571,0.000251004608794,-0.0109012509697771,0.5705189272397624,-0.2088195358106563,-0.2935219594664672,-0.528625346499534,0.000251004608794,-0.0109012509697771,-0.0062433997269435,-0.0110926170595571,-0.2935219594664672,-0.528625346499534,0.5705189272397624,-0.2088195358106563,0.5705189272397624,-0.2088195358106563,-0.2935219594664672,-0.528625346499534,-0.0062433997269435,-0.0110926170595571,0.000251004608794,-0.0109012509697771,-0.2935219594664672,-0.528625346499534,0.5705189272397624,-0.2088195358106563,0.000251004608794,-0.0109012509697771,-0.0062433997269435,-0.0110926170595571,0.5042
-0.0134090503820175,0.0005442673472791,-0.0100125706886685,-0.0041340114216626,0.2512867863477988,-0.5537841005538907,-0.5829473786466851,-0.1626261204517285,-0.0100125706886685,-0.0041340114216626,-0.0134090503820175,0.0005442673472791,-0.5829473786466851,-0.1626261204517285,0.2512867863477988,-0.5537841005538907,0.2512867863477988,-0.5537841005538907,-0.5829473786466851,-0.1626261204517285,-0.0134090503820175,0.0005442673472791,-0.0100125706886685,-0.0041340114216626,-0.5829473786466851,-0.1626261204517285,0.2512867863477988,-0.5537841005538907,-0.0100125706886685,-0.0041340114216626,-0.0134090503820175,0.0005442673472791,0.5043
-0.0051685941340459,0.0113450697965144,-0.0074086761138004,0.0078134556007182,-0.2186630105846941,-0.5676456937539657,-0.5257656421324786,0.3010311404610367,-0.0074086761138004,0.0078134556007182,-0.0051685941340459,0.0113450697965144,-0.5257656421324786,0.3010311404610367,-0.2186630105846941,-0.5676456937539657,-0.2186630105846941,-0.5676456937539657,-0.5257656421324786,0.3010311404610367,-0.0051685941340459,0.0113450697965144,-0.0074086761138004,0.0078134556007182,-0.5257656421324786,0.3010311404610367,-0.2186630105846941,-0.5676456937539657,-0.0074086761138004,0.0078134556007182,-0.0051685941340459,0.0113450697965144,0.5044
0.007815276555332,0.0075669419228267,0.0046037802078362,0.009681558977445,-0.5577150196968788,-0.242552090243426,-0.1550628216803946,0.5861535051815299,0.0046037802078362,0.009681558977445,0.007815276555332,0.0075669419228267,-0.1550628216803946,0.5861535051815299,-0.5577150196968788,-0.242552090243426,-0.5577150196968788,-0.242552090243426,-0.1550628216803946,0.5861535051815299,0.007815276555332,0.0075669419228267,0.0046037802078362,0.009681558977445,-0.1550628216803946,0.5861535051815299,-0.5577150196968788,-0.242552090243426,0.0046037802078362,0.009681558977445,0.007815276555332,0.0075669419228267,0.5045
0.0090003126843598,-0.0058495014896704,0.0106461268615229,-0.000777945101131,-0.5643111618169817,0.2264620368293996,0.3083380462626949,0.5222420905032241,0.0106461268615229,-0.000777945101131,0.0090003126843598,-0.0058495014896704,0.3083380462626949,0.5222420905032241,-0.5643111618169817,0.2264620368293996,-0.5643111618169817,0.2264620368293996,0.3083380462626949,0.5222420905032241,0.0090003126843598,-0.0058495014896704,0.0106461268615229,-0.000777945101131,0.3083380462626949,0.5222420905032241,-0.5643111618169817,0.2264620368293996,0.0106461268615229,-0.000777945101131,0.0090003126843598,-0.0058495014896704,0.5045999999999999
-0.0030014280299766,-0.0118306487266498,0.0031363759926734,-0.010131680792937,-0.2357921736986179,0.5607008678154145,0.5880990767980295,0.1477521659270882,0.0031363759926734,-0.010131680792937,-0.0030014280299766,-0.0118306487266498,0.5880990767980295,0.1477521659270882,-0.2357921736986179,0.5607008678154145,-0.2357921736986179,0.5607008678154145,0.5880990767980295,0.1477521659270882,-0.0030014280299766,-0.0118306487266498,0.0031363759926734,-0.010131680792937,0.5880990767980295,0.1477521659270882,-0.2357921736986179,0.5607008678154145,0.0031363759926734,-0.010131680792937,-0.0030014280299766,-0.0118306487266498,0.5046999999999999
-0.0129198654243295,-0.0029168931453721,-0.0082205889822008,-0.0065562667412567,0.2330633685037541,0.5625340862701845,0.5186432227316041,-0.3139461842349067,-0.0082205889822008,-0.0065562667412567,-0.0129198654243295,-0.0029168931453721,0.5186432227316041,-0.3139461842349067,0.2330633685037541,0.5625340862701845,0.2330633685037541,0.5625340862701845,0.5186432227316041,-0.3139461842349067,-0.0129198654243295,-0.0029168931453721,-0.0082205889822008,-0.0065562667412567,0.5186432227316041,-0.3139461842349067,0.2330633685037541,0.5625340862701845,-0.0082205889822008,-0.0065562667412567,-0.0129198654243295,-0.0029168931453721,0.5047999999999999
-0.0083137268140771,0.0095049951756921,-0.0090185382856149,0.0052324739492063,0.5647298527840886,0.2300718637156726,0.1421924400208749,-0.5894732148763877,-0.0090185382856149,0.0052324739492063,-0.0083137268140771,0.0095049951756921,0.1421924400208749,-0.5894732148763877,0.5647298527840886,0.2300718637156726,0.5647298527840886,0.2300718637156726,0.1421924400208749,-0.5894732148763877,-0.0083137268140771,0.0095049951756921,-0.0090185382856149,0.0052324739492063,0.1421924400208749,-0.5894732148763877,0.5647298527840886,0.2300718637156726,-0.0090185382856149,0.0052324739492063,-0.0083137268140771,0.0095049951756921,0.5049
0.0048462357422253,0.0097843779497018,0.0015842873321848,0.010240801500623,0.5612741479881708,-0.2404007705308821,-0.3186263360109142,-0.5164461143993523,0.0015842873321848,0.010240801500623,0.0048462357422253,0.0097843779497018,-0.3186263360109142,-0.5164461143993523,0.5612741479881708,-0.2404007705308821,0.5612741479881708,-0.2404007705308821,-0.3186263360109142,-0.5164461143993523,0.0048462357422253,0.0097843779497018,0.0015842873321848,0.010240801500623,-0.3186263360109142,-0.5164461143993523,0.5612741479881708,-0.2404007705308821,0.0015842873321848,0.010240801500623,0.0048462357422253,0.0097843779497018,0.505
0.0099031201172348,-0.0022976598546499,0.0100642429607523,0.0022667531043286,0.2235282000609957,-0.5686369575101299,-0.5917053978202049,-0.137546220547845,0.0100642429607523,0.0022667531043286,0.0099031201172348,-0.0022976598546499,-0.5917053978202049,-0.137546220547845,0.2235282000609957,-0.5686369575101299,0.2235282000609957,-0.5686369575101299,-0.5917053978202049,-0.137546220547845,0.0099031201172348,-0.0022976598546499,0.0100642429607523,0.0022667531043286,-0.5917053978202049,-0.137546220547845,0.2235282000609957,-0.5686369575101299,0.0100642429607523,0.0022667531043286,0.0099031201172348,-0.0022976598546499,0.5051
0.0005325426949626,-0.011402518083251,0.0057907013151204,-0.0084738943957617,-0.2471730927716232,-0.5587461331853366,-0.5147543603837473,0.3237401926321597,0.0057907013151204,-0.0084738943957617,0.0005325426949626,-0.011402518083251,-0.5147543603837473,0.3237401926321597,-0.2471730927716232,-0.5587461331853366,-0.2471730927716232,-0.5587461331853366,-0.5147543603837473,0.3237401926321597,0.0005325426949626,-0.011402518083251,0.0057907013151204,-0.0084738943957617,-0.5147543603837473,0.3237401926321597,-0.2471730927716232,-0.5587461331853366,0.0057907013151204,-0.0084738943957617,0.0005325426949626,-0.011402518083251,0.5052
-0.0113733131805881,-0.0060210239289639,-0.0056951265299349,-0.0084548922135776,-0.570716665402605,-0.2175943096199634,-0.1325264745786148,0.593842901579054,-0.0056951265299349,-0.0084548922135776,-0.0113733131805881,-0.0060210239289639,-0.1325264745786148,0.593842901579054,-0.570716665402605,-0.2175943096199634,-0.570716665402605,-0.2175943096199634,-0.1325264745786148,0.593842901579054,-0.0113733131805881,-0.0060210239289639,-0.0056951265299349,-0.0084548922135776,-0.1325264745786148,0.593842901579054,-0.570716665402605,-0.2175943096199634,-0.0056951265299349,-0.0084548922135776,-0.0113733131805881,-0.0060210239289639,0.5053
-0.010748052312642,0.0070465283109722,-0.0098908103670574,0.0021666787384014,-0.5564951497193923,0.2517582231964272,0.3282817070441589,0.5123479942876901,-0.0098908103670574,0.0021666787384014,-0.010748052312642,0.0070465283109722,0.3282817070441589,0.5123479942876901,-0.5564951497193923,0.2517582231964272,-0.5564951497193923,0.2517582231964272,0.3282817070441589,0.5123479942876901,-0.010748052312642,0.0070465283109722,-0.0098908103670574,0.0021666787384014,0.3282817070441589,0.5123479942876901,-0.5564951497193923,0.2517582231964272,-0.0098908103670574,0.0021666787384014,-0.010748052312642,0.0070465283109722,0.5054
0.0016384898772256,0.0112910703734018,-0.0016119071468205,0.0099501879559555,-0.2137993383144467,0.5725969486694632,0.5947157913141938,0.1281853329640158,-0.0016119071468205,0.0099501879559555,0.0016384898772256,0.0112910703734018,0.5947157913141938,0.1281853329640158,-0.2137993383144467,0.5725969486694632,-0.2137993383144467,0.5725969486694632,0.5947157913141938,0.1281853329640158,0.0016384898772256,0.0112910703734018,-0.0016119071468205,0.0099501879559555,0.5947157913141938,0.1281853329640158,-0.2137993383144467,0.5725969486694632,-0.0016119071468205,0.0099501879559555,0.0016384898772256,0.0112910703734018,0.5055
0.0101472171413962,0.0013548003411329,0.0086357645203498,0.0051547855383487,0.2558384626204991,0.555943331111165,0.5103142234998922,-0.3311126746537422,0.0086357645203498,0.0051547855383487,0.0101472171413962,0.0013548003411329,0.5103142234998922,-0.3311126746537422,0.2558384626204991,0.555943331111165,0.2558384626204991,0.555943331111165,0.5103142234998922,-0.3311126746537422,0.0101472171413962,0.0013548003411329,0.0086357645203498,0.0051547855383487,0.5103142234998922,-0.3311126746537422,0.2558384626204991,0.555943331111165,0.0086357645203498,0.0051547855383487,0.0101472171413962,0.0013548003411329,0.5055999999999999
0.0040556248307109,-0.0101790532583241,0.007969120264319,-0.0060969183137405,0.5755804141449067,0.2104271417165069,0.1256418051826039,-0.5954361702260755,0.007969120264319,-0.0060969183137405,0.0040556248307109,-0.0101790532583241,0.1256418051826039,-0.5954361702260755,0.5755804141449067,0.2104271417165069,0.5755804141449067,0.2104271417165069,0.1256418051826039,-0.5954361702260755,0.0040556248307109,-0.0101790532583241,0.007969120264319,-0.0060969183137405,0.1256418051826039,-0.5954361702260755,0.5755804141449067,0.2104271417165069,0.007969120264319,-0.0060969183137405,0.0040556248307109,-0.0101790532583241,0.5056999999999999
-0.0088560421746446,-0.0087375557119236,-0.0026967326327818,-0.0096214258343861,0.5553511825154055,-0.2605928801678593,-0.3333663878873398,-0.5097568571016842,-0.0026967326327818,-0.0096214258343861,-0.0088560421746446,-0.0087375557119236,-0.3333663878873398,-0.5097568571016842,0.5553511825154055,-0.2605928801678593,0.5553511825154055,-0.2605928801678593,-0.3333663878873398,-0.5097568571016842,-0.0088560421746446,-0.0087375557119236,-0.0026967326327818,-0.0096214258343861,-0.3333663878873398,-0.5097568571016842,0.5553511825154055,-0.2605928801678593,-0.0026967326327818,-0.0096214258343861,-0.0088560421746446,-0.0087375557119236,0.5057999999999999
-0.0122091242975793,0.0037642762398635,-0.0098866003162328,-0.0010377102071835,0.2064140295295282,-0.5779079318117113,-0.5970898689699605,-0.1237356464026056,-0.0098866003162328,-0.0010377102071835,-0.0122091242975793,0.0037642762398635,-0.5970898689699605,-0.1237356464026056,0.2064140295295282,-0.5779079318117113,0.2064140295295282,-0.5779079318117113,-0.5970898689699605,-0.1237356464026056,-0.0122091242975793,0.0037642762398635,-0.0098866003162328,-0.0010377102071835,-0.5970898689699605,-0.1237356464026056,0.2064140295295282,-0.5779079318117113,-0.0098866003162328,-0.0010377102071835,-0.0122091242975793,0.0037642762398635,0.5059
-0.0018181179486653,0.0114241737324267,-0.004578633428112,0.008779845855068,-0.2642446983449319,-0.5537520455152984,-0.5094751199265699,0.3361050871617407,-0.004578633428112,0.008779845855068,-0.0018181179486653,0.0114241737324267,-0.5094751199265699,0.3361050871617407,-0.2642446983449319,-0.5537520455152984,-0.2642446983449319,-0.5537520455152984,-0.5094751199265699,0.3361050871617407,-0.0018181179486653,0.0114241737324267,-0.004578633428112,0.008779845855068,-0.5094751199265699,0.3361050871617407,-0.2642446983449319,-0.5537520455152984,-0.004578633428112,0.008779845855068,-0.0018181179486653,0.0114241737324267,0.506
0.0090931491371719,0.0045725203101009,0.0064643182364826,0.0074717609280414,-0.5786880788004278,-0.203551031522922,-0.1214337340515003,0.5984197057946962,0.0064643182364826,0.0074717609280414,0.0090931491371719,0.0045725203101009,-0.1214337340515003,0.5984197057946962,-0.5786880788004278,-0.203551031522922,-0.5786880788004278,-0.203551031522922,-0.1214337340515003,0.5984197057946962,0.0090931491371719,0.0045725203101009,0.0064643182364826,0.0074717609280414,-0.1214337340515003,0.5984197057946962,-0.5786880788004278,-0.203551031522922,0.0064643182364826,0.0074717609280414,0.0090931491371719,0.0045725203101009,0.5061
0.0067511615464333,-0.008065731207202,0.0093090659482371,-0.0032287867115839,-0.5529469220562598,0.2659604291527819,0.3380034780470407,0.5084703436162206,0.0093090659482371,-0.0032287867115839,0.0067511615464333,-0.008065731207202,0.3380034780470407,0.5084703436162206,-0.5529469220562598,0.2659604291527819,-0.5529469220562598,0.2659604291527819,0.3380034780470407,0.5084703436162206,0.0067511615464333,-0.008065731207202,0.0093090659482371,-0.0032287867115839,0.3380034780470407,0.5084703436162206,-0.5529469220562598,0.2659604291527819,0.0093090659482371,-0.0032287867115839,0.0067511615464333,-0.008065731207202,0.5062
-0.0058038355279348,-0.0105680869452671,0.0004599377620039,-0.0097873691629421,-0.2026213932411385,0.5797297620879963,0.5984686261620686,0.1201327909239471,0.0004599377620039,-0.0097873691629421,-0.0058038355279348,-0.0105680869452671,0.5984686261620686,0.1201327909239471,-0.2026213932411385,0.5797297620879963,-0.2026213932411385,0.5797297620879963,0.5984686261620686,0.1201327909239471,-0.0058038355279348,-0.0105680869452671,0.0004599377620039,-0.0097873691629421,0.5984686261620686,0.1201327909239471,-0.2026213932411385,0.5797297620879963,0.0004599377620039,-0.0097873691629421,-0.0058038355279348,-0.0105680869452671,0.5063
-0.0127571360235272,8.92532377509385e-05,-0.0088468331834977,-0.0040232662461594,0.2675598716152496,0.553666712400114,0.508205289255988,-0.3381568391521477,-0.0088468331834977,-0.0040232662461594,-0.0127571360235272,8.92532377509385e-05,0.508205289255988,-0.3381568391521477,0.2675598716152496,0.553666712400114,0.2675598716152496,0.553666712400114,0.508205289255988,-0.3381568391521477,-0.0127571360235272,8.92532377509385e-05,-0.0088468331834977,-0.0040232662461594,0.508205289255988,-0.3381568391521477,0.2675598716152496,0.553666712400114,-0.0088468331834977,-0.0040232662461594,-0.0127571360235272,8.92532377509385e-05,0.5064
-0.0055070594234972,0.0104338056014175,-0.0069504716968028,0.0066813621422153,0.5817034229837527,0.201786353609072,0.1206716260051297,-0.5987542400479918,-0.0069504716968028,0.0066813621422153,-0.0055070594234972,0.0104338056014175,0.1206716260051297,-0.5987542400479918,0.5817034229837527,0.201786353609072,0.5817034229837527,0.201786353609072,0.1206716260051297,-0.5987542400479918,-0.0055070594234972,0.0104338056014175,-0.0069504716968028,0.0066813621422153,0.1206716260051297,-0.5987542400479918,0.5817034229837527,0.201786353609072,-0.0069504716968028,0.0066813621422153,-0.0055070594234972,0.0104338056014175,0.5065
0.0067033468320564,0.0075664427527145,0.0036129267222652,0.0088760411951579,0.5540439556940197,-0.2696435892571701,-0.338124408587654,-0.509439832968268,0.0036129267222652,0.0088760411951579,0.0067033468320564,0.0075664427527145,-0.338124408587654,-0.509439832968268,0.5540439556940197,-0.2696435892571701,0.5540439556940197,-0.2696435892571701,-0.338124408587654,-0.509439832968268,0.0067033468320564,0.0075664427527145,0.0036129267222652,0.0088760411951579,-0.338124408587654,-0.509439832968268,0.5540439556940197,-0.2696435892571701,0.0036129267222652,0.0088760411951579,0.0067033468320564,0.0075664427527145,0.5065999999999999
0.0085612385757363,-0.0047695305988918,0.0095343430346664,-3.886241799327723e-05,0.2005232122263056,-0.5827067075535853,-0.5999494065895769,-0.1214623402914122,0.0095343430346664,-3.886241799327723e-05,0.0085612385757363,-0.0047695305988918,-0.5999494065895769,-0.1214623402914122,0.2005232122263056,-0.5827067075535853,0.2005232122263056,-0.5827067075535853,-0.5999494065895769,-0.1214623402914122,0.0085612385757363,-0.0047695305988918,0.0095343430346664,-3.886241799327723e-05,-0.5999494065895769,-0.1214623402914122,0.2005232122263056,-0.5827067075535853,0.0095343430346664,-3.886241799327723e-05,0.0085612385757363,-0.0047695305988918,0.5066999999999999
-0.0021699343622608,-0.0110599002541167,0.0035280683470207,-0.0087894885884943,-0.2702758241544966,-0.5536404263165376,-0.5105700476368175,0.3384916923934466,0.0035280683470207,-0.0087894885884943,-0.0021699343622608,-0.0110599002541167,-0.5105700476368175,0.3384916923934466,-0.2702758241544966,-0.5536404263165376,-0.2702758241544966,-0.5536404263165376,-0.5105700476368175,0.3384916923934466,-0.0021699343622608,-0.0110599002541167,0.0035280683470207,-0.0087894885884943,-0.5105700476368175,0.3384916923934466,-0.2702758241544966,-0.5536404263165376,0.0035280683470207,-0.0087894885884943,-0.0021699343622608,-0.0110599002541167,0.5067999999999999
-0.0120022233078137,-0.0034580377960125,-0.0067512574938103,-0.0065236789942357,-0.5823925097255737,-0.2007911813911653,-0.1219997029379479,0.6004473184708268,-0.0067512574938103,-0.0065236789942357,-0.0120022233078137,-0.0034580377960125,-0.1219997029379479,0.6004473184708268,-0.5823925097255737,-0.2007911813911653,-0.5823925097255737,-0.2007911813911653,-0.1219997029379479,0.6004473184708268,-0.0120022233078137,-0.0034580377960125,-0.0067512574938103,-0.0065236789942357,-0.1219997029379479,0.6004473184708268,-0.5823925097255737,-0.2007911813911653,-0.0067512574938103,-0.0065236789942357,-0.0120022233078137,-0.0034580377960125,0.5068999999999999
-0.0086444750032776,0.0085055161878219,-0.0085091036286483,0.0037704862173121,-0.554423203383299,0.2692077128893166,0.337662362044085,0.511159612623067,-0.0085091036286483,0.0037704862173121,-0.0086444750032776,0.0085055161878219,0.337662362044085,0.511159612623067,-0.554423203383299,0.2692077128893166,-0.554423203383299,0.2692077128893166,0.337662362044085,0.511159612623067,-0.0086444750032776,0.0085055161878219,-0.0085091036286483,0.0037704862173121,0.337662362044085,0.511159612623067,-0.554423203383299,0.2692077128893166,-0.0085091036286483,0.0037704862173121,-0.0086444750032776,0.0085055161878219,0.507
0.0036900358402105,0.0098947881590846,0.0002946515082612,0.0092467282646315,-0.2027350868044597,0.5827190327174402,0.5998688405911312,0.12385850263143,0.0002946515082612,0.0092467282646315,0.0036900358402105,0.0098947881590846,0.5998688405911312,0.12385850263143,-0.2027350868044597,0.5827190327174402,-0.2027350868044597,0.5827190327174402,0.5998688405911312,0.12385850263143,0.0036900358402105,0.0098947881590846,0.0002946515082612,0.0092467282646315,0.5998688405911312,0.12385850263143,-0.2027350868044597,0.5827190327174402,0.0002946515082612,0.0092467282646315,0.0036900358402105,0.0098947881590846,0.5071
0.0095988077365321,-0.0009824073285867,0.0086432345618795,0.0032096094046138,0.268374073029204,0.5564319753662996,0.5127567101347543,-0.3353048177394979,0.0086432345618795,0.0032096094046138,0.0095988077365321,-0.0009824073285867,0.5127567101347543,-0.3353048177394979,0.268374073029204,0.5564319753662996,0.268374073029204,0.5564319753662996,0.5127567101347543,-0.3353048177394979,0.0095988077365321,-0.0009824073285867,0.0086432345618795,0.0032096094046138,0.5127567101347543,-0.3353048177394979,0.268374073029204,0.5564319753662996,0.0086432345618795,0.0032096094046138,0.0095988077365321,-0.0009824073285867,0.5072
0.0017567658812586,-0.0104951875496558,0.0062346038509229,-0.006751745929508,0.5836271877098191,0.2044550812976476,0.127330484295528,-0.5997388937109427,0.0062346038509229,-0.006751745929508,0.0017567658812586,-0.0104951875496558,0.127330484295528,-0.5997388937109427,0.5836271877098191,0.2044550812976476,0.5836271877098191,0.2044550812976476,0.127330484295528,-0.5997388937109427,0.0017567658812586,-0.0104951875496558,0.0062346038509229,-0.006751745929508,0.127330484295528,-0.5997388937109427,0.5836271877098191,0.2044550812976476,0.0062346038509229,-0.006751745929508,0.0017567658812586,-0.0104951875496558,0.5073
-0.0099437903941692,-0.0067755885210043,-0.0038532890225335,-0.0082957448051107,0.5578118710968605,-0.2676308911368437,-0.3329315125628465,-0.5156206340584516,-0.0038532890225335,-0.0082957448051107,-0.0099437903941692,-0.0067755885210043,-0.3329315125628465,-0.5156206340584516,0.5578118710968605,-0.2676308911368437,0.5578118710968605,-0.2676308911368437,-0.3329315125628465,-0.5156206340584516,-0.0099437903941692,-0.0067755885210043,-0.0038532890225335,-0.0082957448051107,-0.3329315125628465,-0.5156206340584516,0.5578118710968605,-0.2676308911368437,-0.0038532890225335,-0.0082957448051107,-0.0099437903941692,-0.0067755885210043,0.5074
-0.0108315708968028,0.0054325248619004,-0.0090919469250462,0.0004242421738326,0.2061620387320329,-0.5833166183261178,-0.6002924434653394,-0.1309018544585415,-0.0090919469250462,0.0004242421738326,-0.0108315708968028,0.0054325248619004,-0.6002924434653394,-0.1309018544585415,0.2061620387320329,-0.5833166183261178,0.2061620387320329,-0.5833166183261178,-0.6002924434653394,-0.1309018544585415,-0.0108315708968028,0.0054325248619004,-0.0090919469250462,0.0004242421738326,-0.6002924434653394,-0.1309018544585415,0.2061620387320329,-0.5833166183261178,-0.0090919469250462,0.0004242421738326,-0.0108315708968028,0.0054325248619004,0.5075
0.0001536641227371,0.0107850239521603,-0.0030237930092202,0.0085575174179257,-0.2652403136924122,-0.5588234352976579,-0.5182251482917166,0.3307603517436989,-0.0030237930092202,0.0085575174179257,0.0001536641227371,0.0107850239521603,-0.5182251482917166,0.3307603517436989,-0.2652403136924122,-0.5588234352976579,-0.2652403136924122,-0.5588234352976579,-0.5182251482917166,0.3307603517436989,0.0001536641227371,0.0107850239521603,-0.0030237930092202,0.0085575174179257,-0.5182251482917166,0.3307603517436989,-0.2652403136924122,-0.5588234352976579,-0.0030237930092202,0.0085575174179257,0.0001536641227371,0.0107850239521603,0.5075999999999999
0.0092098510520565,0.0026031906285094,0.006780842459861,0.0060263251405641,-0.5820853334428625,-0.2095281147841986,-0.1343693074034656,0.5999862735568672,0.006780842459861,0.0060263251405641,0.0092098510520565,0.0026031906285094,-0.1343693074034656,0.5999862735568672,-0.5820853334428625,-0.2095281147841986,-0.5820853334428625,-0.2095281147841986,-0.1343693074034656,0.5999862735568672,0.0092098510520565,0.0026031906285094,0.006780842459861,0.0060263251405641,-0.1343693074034656,0.5999862735568672,-0.5820853334428625,-0.2095281147841986,0.006780842459861,0.0060263251405641,0.0092098510520565,0.0026031906285094,0.5076999999999999
0.0050387742669536,-0.0088370113160102,0.0081423206414154,-0.0039850687160788,-0.5610779386298044,0.261531456761774,0.3272330884057173,0.5203877250732415,0.0081423206414154,-0.0039850687160788,0.0050387742669536,-0.0088370113160102,0.3272330884057173,0.5203877250732415,-0.5610779386298044,0.261531456761774,-0.5610779386298044,0.261531456761774,0.3272330884057173,0.5203877250732415,0.0050387742669536,-0.0088370113160102,0.0081423206414154,-0.0039850687160788,0.3272330884057173,0.5203877250732415,-0.5610779386298044,0.261531456761774,0.0081423206414154,-0.0039850687160788,0.0050387742669536,-0.0088370113160102,0.5077999999999999
-0.007075275229546,-0.0092890585180213,-0.000589239329297,-0.0090134306033025,-0.2141960824920993,0.5814969033749394,0.5986739165049394,0.1393012813983624,-0.000589239329297,-0.0090134306033025,-0.007075275229546,-0.0092890585180213,0.5986739165049394,0.1393012813983624,-0.2141960824920993,0.5814969033749394,-0.2141960824920993,0.5814969033749394,0.5986739165049394,0.1393012813983624,-0.007075275229546,-0.0092890585180213,-0.000589239329297,-0.0090134306033025,0.5986739165049394,0.1393012813983624,-0.2141960824920993,0.5814969033749394,-0.000589239329297,-0.0090134306033025,-0.007075275229546,-0.0092890585180213,0.5079
-0.0120377177741984,0.0016820677262524,-0.0085135143190849,-0.0028471086815279,0.2580378839955896,0.5641932527350721,0.5236836264249455,-0.3222591975377266,-0.0085135143190849,-0.0028471086815279,-0.0120377177741984,0.0016820677262524,0.5236836264249455,-0.3222591975377266,0.2580378839955896,0.5641932527350721,0.2580378839955896,0.5641932527350721,0.5236836264249455,-0.3222591975377266,-0.0120377177741984,0.0016820677262524,-0.0085135143190849,-0.0028471086815279,0.5236836264249455,-0.3222591975377266,0.2580378839955896,0.5641932527350721,-0.0085135143190849,-0.0028471086815279,-0.0120377177741984,0.0016820677262524,0.508
-0.0038153332806391,0.010348677451333,-0.0058054184169459,0.0067759683299813,0.5811492508960652,0.2186469883535537,0.1457157888219381,-0.5979373144009043,-0.0058054184169459,0.0067759683299813,-0.0038153332806391,0.010348677451333,0.1457157888219381,-0.5979373144009043,0.5811492508960652,0.2186469883535537,0.5811492508960652,0.2186469883535537,0.1457157888219381,-0.5979373144009043,-0.0038153332806391,0.010348677451333,-0.0058054184169459,0.0067759683299813,0.1457157888219381,-0.5979373144009043,0.5811492508960652,0.2186469883535537,-0.0058054184169459,0.0067759683299813,-0.0038153332806391,0.010348677451333,0.5081
0.0072272025765904,0.0060270063598621,0.0040747484761596,0.0078964628822975,0.5666582504982616,-0.254342106512168,-0.3174278445480463,-0.5280522964087578,0.0040747484761596,0.0078964628822975,0.0072272025765904,0.0060270063598621,-0.3174278445480463,-0.5280522964087578,0.5666582504982616,-0.254342106512168,0.5666582504982616,-0.254342106512168,-0.3174278445480463,-0.5280522964087578,0.0072272025765904,0.0060270063598621,0.0040747484761596,0.0078964628822975,-0.3174278445480463,-0.5280522964087578,0.5666582504982616,-0.254342106512168,0.0040747484761596,0.0078964628822975,0.0072272025765904,0.0060270063598621,0.5082
0.0073799354673021,-0.0057643802252542,0.0088195530638917,-0.000770234069712,0.223314167469754,-0.5795431440096234,-0.5976441065642754,-0.1520206145099915,0.0088195530638917,-0.000770234069712,0.0073799354673021,-0.0057643802252542,-0.5976441065642754,-0.1520206145099915,0.223314167469754,-0.5795431440096234,0.223314167469754,-0.5795431440096234,-0.5976441065642754,-0.1520206145099915,0.0073799354673021,-0.0057643802252542,0.0088195530638917,-0.000770234069712,-0.5976441065642754,-0.1520206145099915,0.223314167469754,-0.5795431440096234,0.0088195530638917,-0.000770234069712,0.0073799354673021,-0.0057643802252542,0.5083
-0.0034444265089119,-0.0103443087183234,0.002646173131876,-0.0083926220306488,-0.2489684466341902,-0.5689308895230945,-0.5319116879143011,0.3125503502436116,0.002646173131876,-0.0083926220306488,-0.0034444265089119,-0.0103443087183234,-0.5319116879143011,0.3125503502436116,-0.2489684466341902,-0.5689308895230945,-0.2489684466341902,-0.5689308895230945,-0.5319116879143011,0.3125503502436116,-0.0034444265089119,-0.0103443087183234,0.002646173131876,-0.0083926220306488,-0.5319116879143011,0.3125503502436116,-0.2489684466341902,-0.5689308895230945,0.002646173131876,-0.0083926220306488,-0.0034444265089119,-0.0103443087183234,0.5084
-0.0117778192700953,-0.0020869976299892,-0.0066775634037217,-0.0056091627322612,-0.577177028560446,-0.2296373738169422,-0.1584446972396711,0.5962439488047752,-0.0066775634037217,-0.0056091627322612,-0.0117778192700953,-0.0020869976299892,-0.1584446972396711,0.5962439488047752,-0.577177028560446,-0.2296373738169422,-0.577177028560446,-0.2296373738169422,-0.1584446972396711,0.5962439488047752,-0.0117778192700953,-0.0020869976299892,-0.0066775634037217,-0.0056091627322612,-0.1584446972396711,0.5962439488047752,-0.577177028560446,-0.2296373738169422,-0.0066775634037217,-0.0056091627322612,-0.0117778192700953,-0.0020869976299892,0.5085
-0.0073396832948307,0.0087486350229415,-0.0076615985592376,0.0039893071047521,-0.5724081316491014,0.2424722344194728,0.3061310396066553,0.5355216325870428,-0.0076615985592376,0.0039893071047521,-0.0073396832948307,0.0087486350229415,0.3061310396066553,0.5355216325870428,-0.5724081316491014,0.2424722344194728,-0.5724081316491014,0.2424722344194728,0.3061310396066553,0.5355216325870428,-0.0073396832948307,0.0087486350229415,-0.0076615985592376,0.0039893071047521,0.3061310396066553,0.5355216325870428,-0.5724081316491014,0.2424722344194728,-0.0076615985592376,0.0039893071047521,-0.0073396832948307,0.0087486350229415,0.5085999999999999
0.0043322262055458,0.0088005964577125,0.0007531213659951,0.0085433124815,-0.2369963660820887,0.5754051808475514,0.5940267355704808,0.1664146310276746,0.0007531213659951,0.0085433124815,0.0043322262055458,0.0088005964577125,0.5940267355704808,0.1664146310276746,-0.2369963660820887,0.5754051808475514,-0.2369963660820887,0.5754051808475514,0.5940267355704808,0.1664146310276746,0.0043322262055458,0.0088005964577125,0.0007531213659951,0.0085433124815,0.5940267355704808,0.1664146310276746,-0.2369963660820887,0.5754051808475514,0.0007531213659951,0.0085433124815,0.0043322262055458,0.0088005964577125,0.5086999999999999
0.008823921155731,-0.0019122400784911,0.0081376483471264,0.0025797677648278,0.2361678195156957,0.5764113375795401,0.5402411434092131,-0.2984928055312544,0.0081376483471264,0.0025797677648278,0.008823921155731,-0.0019122400784911,0.5402411434092131,-0.2984928055312544,0.2361678195156957,0.5764113375795401,0.2361678195156957,0.5764113375795401,0.5402411434092131,-0.2984928055312544,0.008823921155731,-0.0019122400784911,0.0081376483471264,0.0025797677648278,0.5402411434092131,-0.2984928055312544,0.2361678195156957,0.5764113375795401,0.0081376483471264,0.0025797677648278,0.008823921155731,-0.0019122400784911,0.5087999999999999
0.0006737245381593,-0.010099509755445,0.0055095677465129,-0.006470133013394,0.5735110057306652,0.2441184414705575,0.1755760351125166,-0.5923011789162199,0.0055095677465129,-0.006470133013394,0.0006737245381593,-0.010099509755445,0.1755760351125166,-0.5923011789162199,0.5735110057306652,0.2441184414705575,0.5735110057306652,0.2441184414705575,0.1755760351125166,-0.5923011789162199,0.0006737245381593,-0.010099509755445,0.0055095677465129,-0.006470133013394,0.1755760351125166,-0.5923011789162199,0.5735110057306652,0.2441184414705575,0.0055095677465129,-0.006470133013394,0.0006737245381593,-0.010099509755445,0.5088999999999999
-0.0099398667451454,-0.0056812878714575,-0.0037949221483755,-0.0075463267991852,0.579720230571243,-0.2293273131560219,-0.2909188221409727,-0.5456961358223428,-0.0037949221483755,-0.0075463267991852,-0.0099398667451454,-0.0056812878714575,-0.2909188221409727,-0.5456961358223428,0.579720230571243,-0.2293273131560219,0.579720230571243,-0.2293273131560219,-0.2909188221409727,-0.5456961358223428,-0.0099398667451454,-0.0056812878714575,-0.0037949221483755,-0.0075463267991852,-0.2909188221409727,-0.5456961358223428,0.579720230571243,-0.2293273131560219,-0.0037949221483755,-0.0075463267991852,-0.0099398667451454,-0.0056812878714575,0.509
-0.0098642699455635,0.0057785973842498,-0.0083750512067821,0.0005724039589405,0.251720715843391,-0.5703443280494489,-0.5906941679839401,-0.1846511611397585,-0.0083750512067821,0.0005724039589405,-0.0098642699455635,0.0057785973842498,-0.5906941679839401,-0.1846511611397585,0.251720715843391,-0.5703443280494489,0.251720715843391,-0.5703443280494489,-0.5906941679839401,-0.1846511611397585,-0.0098642699455635,0.0057785973842498,-0.0083750512067821,0.0005724039589405,-0.5906941679839401,-0.1846511611397585,0.251720715843391,-0.5703443280494489,-0.0083750512067821,0.0005724039589405,-0.0098642699455635,0.0057785973842498,0.5091
0.0007514340266776,0.0100453155820263,-0.0026920150673184,0.0079193685178691,-0.2208863912889,-0.5830314357850899,-0.5506078433904082,0.2830575168273338,-0.0026920150673184,0.0079193685178691,0.0007514340266776,0.0100453155820263,-0.5506078433904082,0.2830575168273338,-0.2208863912889,-0.5830314357850899,-0.2208863912889,-0.5830314357850899,-0.5506078433904082,0.2830575168273338,0.0007514340266776,0.0100453155820263,-0.0026920150673184,0.0079193685178691,-0.5506078433904082,0.2830575168273338,-0.2208863912889,-0.5830314357850899,-0.0026920150673184,0.0079193685178691,0.0007514340266776,0.0100453155820263,0.5092
0.0087288911064837,0.0018681246730891,0.0062619261314679,0.0055400294907968,-0.5665839696362089,-0.2607785151799346,-0.1939614107975432,0.5879336933106525,0.0062619261314679,0.0055400294907968,0.0087288911064837,0.0018681246730891,-0.1939614107975432,0.5879336933106525,-0.5665839696362089,-0.2607785151799346,-0.5665839696362089,-0.2607785151799346,-0.1939614107975432,0.5879336933106525,0.0087288911064837,0.0018681246730891,0.0062619261314679,0.0055400294907968,-0.1939614107975432,0.5879336933106525,-0.5665839696362089,-0.2607785151799346,0.0062619261314679,0.0055400294907968,0.0087288911064837,0.0018681246730891,0.5093
0.0042444103595638,-0.0086015394661462,0.0075384616152698,-0.0036180934438659,-0.587246478235293,0.2115135168957478,0.2736574333211704,0.5552779899707342,0.0075384616152698,-0.0036180934438659,0.0042444103595638,-0.0086015394661462,0.2736574333211704,0.5552779899707342,-0.587246478235293,0.2115135168957478,-0.587246478235293,0.2115135168957478,0.2736574333211704,0.5552779899707342,0.0042444103595638,-0.0086015394661462,0.0075384616152698,-0.0036180934438659,0.2736574333211704,0.5552779899707342,-0.587246478235293,0.2115135168957478,0.0075384616152698,-0.0036180934438659,0.0042444103595638,-0.0086015394661462,0.5094
-0.0070819977255674,-0.0084841844237064,-0.000397183518432,-0.0083329159000024,-0.2706318860757136,0.5630875383584607,0.5843285908405057,0.204729567504098,-0.000397183518432,-0.0083329159000024,-0.0070819977255674,-0.0084841844237064,0.5843285908405057,0.204729567504098,-0.2706318860757136,0.5630875383584607,-0.2706318860757136,0.5630875383584607,0.5843285908405057,0.204729567504098,-0.0070819977255674,-0.0084841844237064,-0.000397183518432,-0.0083329159000024,0.5843285908405057,0.204729567504098,-0.2706318860757136,0.5630875383584607,-0.000397183518432,-0.0083329159000024,-0.0070819977255674,-0.0084841844237064,0.5095
-0.0112912236577552,0.0019368446566616,-0.0077992642464293,-0.0028470836452869,0.2020548959090953,0.5917235955352367,0.5609056907525355,-0.2630651824680616,-0.0077992642464293,-0.0028470836452869,-0.0112912236577552,0.0019368446566616,0.5609056907525355,-0.2630651824680616,0.2020548959090953,0.5917235955352367,0.2020548959090953,0.5917235955352367,0.5609056907525355,-0.2630651824680616,-0.0112912236577552,0.0019368446566616,-0.0077992642464293,-0.0028470836452869,0.5609056907525355,-0.2630651824680616,0.2020548959090953,0.5917235955352367,-0.0077992642464293,-0.0028470836452869,-0.0112912236577552,0.0019368446566616,0.5095999999999999
-0.0033484332757052,0.0097493245528492,-0.0056010134097194,0.0060782990403433,0.5592495322481453,0.2804250060003839,0.2165521844999844,-0.5810702197111767,-0.0056010134097194,0.0060782990403433,-0.0033484332757052,0.0097493245528492,0.2165521844999844,-0.5810702197111767,0.5592495322481453,0.2804250060003839,0.5592495322481453,0.2804250060003839,0.2165521844999844,-0.5810702197111767,-0.0033484332757052,0.0097493245528492,-0.0056010134097194,0.0060782990403433,0.2165521844999844,-0.5810702197111767,0.5592495322481453,0.2804250060003839,-0.0056010134097194,0.0060782990403433,-0.0033484332757052,0.0097493245528492,0.5096999999999999
0.0068260070970558,0.0054324913816097,0.003454292338393,0.0074884262253719,0.5955959286303392,-0.1919566815692966,-0.2524799304741705,-0.5670327583307304,0.003454292338393,0.0074884262253719,0.0068260070970558,0.0054324913816097,-0.2524799304741705,-0.5670327583307304,0.5955959286303392,-0.1919566815692966,0.5955959286303392,-0.1919566815692966,-0.2524799304741705,-0.5670327583307304,0.0068260070970558,0.0054324913816097,0.003454292338393,0.0074884262253719,-0.2524799304741705,-0.5670327583307304,0.5955959286303392,-0.1919566815692966,0.003454292338393,0.0074884262253719,0.0068260070970558,0.0054324913816097,0.5097999999999999
0.0067326548190754,-0.0055529395920606,0.0082295242483982,-0.0002909870062731,0.2906595881094825,-0.5542073851045768,-0.5776666748478527,-0.2282206036392981,0.0082295242483982,-0.0002909870062731,0.0067326548190754,-0.0055529395920606,-0.5776666748478527,-0.2282206036392981,0.2906595881094825,-0.5542073851045768,0.2906595881094825,-0.5542073851045768,-0.5776666748478527,-0.2282206036392981,0.0067326548190754,-0.0055529395920606,0.0082295242483982,-0.0002909870062731,-0.5776666748478527,-0.2282206036392981,0.2906595881094825,-0.5542073851045768,0.0082295242483982,-0.0002909870062731,0.0067326548190754,-0.0055529395920606,0.5099
-0.0034030622529093,-0.0096743266411513,0.0029255528115673,-0.0076629727349619,-0.1803804361863151,-0.5993325828569127,-0.572460013397538,0.2414031307655405,0.0029255528115673,-0.0076629727349619,-0.0034030622529093,-0.0096743266411513,-0.572460013397538,0.2414031307655405,-0.1803804361863151,-0.5993325828569127,-0.1803804361863151,-0.5993325828569127,-0.572460013397538,0.2414031307655405,-0.0034030622529093,-0.0096743266411513,0.0029255528115673,-0.0076629727349619,-0.572460013397538,0.2414031307655405,-0.1803804361863151,-0.5993325828569127,0.0029255528115673,-0.0076629727349619,-0.0034030622529093,-0.0096743266411513,0.51
-0.0111035506772777,-0.0019489130760153,-0.0058703760116713,-0.0056394503261778,-0.5484305222006348,-0.3021397585914016,-0.2402226199275185,0.5729623506575096,-0.0058703760116713,-0.0056394503261778,-0.0111035506772777,-0.0019489130760153,-0.2402226199275185,0.5729623506575096,-0.5484305222006348,-0.3021397585914016,-0.5484305222006348,-0.3021397585914016,-0.2402226199275185,0.5729623506575096,-0.0111035506772777,-0.0019489130760153,-0.0058703760116713,-0.0056394503261778,-0.2402226199275185,0.5729623506575096,-0.5484305222006348,-0.3021397585914016,-0.0058703760116713,-0.0056394503261778,-0.0111035506772777,-0.0019489130760153,0.5101
-0.0070029824815144,0.0081158774642068,-0.0074104395513917,0.003188993277692,-0.6037098977123913,0.1678265394060613,0.2287560267004494,0.5776655442380411,-0.0074104395513917,0.003188993277692,-0.0070029824815144,0.0081158774642068,0.2287560267004494,0.5776655442380411,-0.6037098977123913,0.1678265394060613,-0.6037098977123913,0.1678265394060613,0.2287560267004494,0.5776655442380411,-0.0070029824815144,0.0081158774642068,-0.0074104395513917,0.003188993277692,0.2287560267004494,0.5776655442380411,-0.6037098977123913,0.1678265394060613,-0.0074104395513917,0.003188993277692,-0.0070029824815144,0.0081158774642068,0.5102
0.0038076780696837,0.0082703005276345,6.232524148971251e-05,0.0080101717752555,-0.3143219578454523,0.5426858061038893,0.5674411114851041,0.2535452321360945,6.232524148971251e-05,0.0080101717752555,0.0038076780696837,0.0082703005276345,0.5674411114851041,0.2535452321360945,-0.3143219578454523,0.5426858061038893,-0.3143219578454523,0.5426858061038893,0.5674411114851041,0.2535452321360945,0.0038076780696837,0.0082703005276345,6.232524148971251e-05,0.0080101717752555,0.5674411114851041,0.2535452321360945,-0.3143219578454523,0.5426858061038893,6.232524148971251e-05,0.0080101717752555,0.0038076780696837,0.0082703005276345,0.5103
0.008134450258982,-0.0015602036026339,0.0073641618902586,0.003057269802282,0.155068275910897,0.608154170704246,0.5835565854011574,-0.2150436104478516,0.0073641618902586,0.003057269802282,0.008134450258982,-0.0015602036026339,0.5835565854011574,-0.2150436104478516,0.155068275910897,0.608154170704246,0.155068275910897,0.608154170704246,0.5835565854011574,-0.2150436104478516,0.008134450258982,-0.0015602036026339,0.0073641618902586,0.003057269802282,0.5835565854011574,-0.2150436104478516,0.155068275910897,0.608154170704246,0.0073641618902586,0.003057269802282,0.008134450258982,-0.0015602036026339,0.5104
0.0008018579891522,-0.0093084608155076,0.005687818106415,-0.0055368417333256,0.5364006594504136,0.3264274011751477,0.2676630247355617,-0.5619631041629451,0.005687818106415,-0.0055368417333256,0.0008018579891522,-0.0093084608155076,0.2676630247355617,-0.5619631041629451,0.5364006594504136,0.3264274011751477,0.5364006594504136,0.3264274011751477,0.2676630247355617,-0.5619631041629451,0.0008018579891522,-0.0093084608155076,0.005687818106415,-0.0055368417333256,0.2676630247355617,-0.5619631041629451,0.5364006594504136,0.3264274011751477,0.005687818106415,-0.0055368417333256,0.0008018579891522,-0.0093084608155076,0.5105
-0.0091231826566638,-0.0055573960296355,-0.0028126756905064,-0.007368522238561,0.611903539168375,-0.1415664519621368,-0.2011144266888787,-0.5896105821003327,-0.0028126756905064,-0.007368522238561,-0.0091231826566638,-0.0055573960296355,-0.2011144266888787,-0.5896105821003327,0.611903539168375,-0.1415664519621368,0.611903539168375,-0.1415664519621368,-0.2011144266888787,-0.5896105821003327,-0.0091231826566638,-0.0055573960296355,-0.0028126756905064,-0.007368522238561,-0.2011144266888787,-0.5896105821003327,0.611903539168375,-0.1415664519621368,-0.0028126756905064,-0.007368522238561,-0.0091231826566638,-0.0055573960296355,0.5105999999999999
-0.0094900355329049,0.0050128060626897,-0.0078240011869079,-0.0003245441528656,0.3389459386603558,-0.5288646423303199,-0.5560461802394285,-0.281719796702907,-0.0078240011869079,-0.0003245441528656,-0.0094900355329049,0.0050128060626897,-0.5560461802394285,-0.281719796702907,0.3389459386603558,-0.5288646423303199,0.3389459386603558,-0.5288646423303199,-0.5560461802394285,-0.281719796702907,-0.0094900355329049,0.0050128060626897,-0.0078240011869079,-0.0003245441528656,-0.5560461802394285,-0.281719796702907,0.3389459386603558,-0.5288646423303199,-0.0078240011869079,-0.0003245441528656,-0.0094900355329049,0.0050128060626897,0.5106999999999999
0.0001009652280357,0.0094340847350876,-0.0033598321824222,0.0070316847250821,-0.1266896252802732,-0.6154055681437188,-0.5949692149553245,0.1865591989955855,-0.0033598321824222,0.0070316847250821,0.0001009652280357,0.0094340847350876,-0.5949692149553245,0.1865591989955855,-0.1266896252802732,-0.6154055681437188,-0.1266896252802732,-0.6154055681437188,-0.5949692149553245,0.1865591989955855,0.0001009652280357,0.0094340847350876,-0.0033598321824222,0.0070316847250821,-0.5949692149553245,0.1865591989955855,-0.1266896252802732,-0.6154055681437188,-0.0033598321824222,0.0070316847250821,0.0001009652280357,0.0094340847350876,0.5107999999999999
0.0078928437720135,0.002327549442475,0.0051340432066635,0.0058516897262877,-0.5205048698774076,-0.3524267989650715,-0.2960436110137801,0.548852871369915,0.0051340432066635,0.0058516897262877,0.0078928437720135,0.002327549442475,-0.2960436110137801,0.548852871369915,-0.5205048698774076,-0.3524267989650715,-0.5205048698774076,-0.3524267989650715,-0.2960436110137801,0.548852871369915,0.0078928437720135,0.002327549442475,0.0051340432066635,0.0058516897262877,-0.2960436110137801,0.548852871369915,-0.5205048698774076,-0.3524267989650715,0.0051340432066635,0.0058516897262877,0.0078928437720135,0.002327549442475,0.5108999999999999
0.0044056274152201,-0.0075892882337789,0.0074103631987528,-0.0023945493299578,-0.6191531955572649,0.1108628349398369,0.1705828588223004,0.5999017816399395,0.0074103631987528,-0.0023945493299578,0.0044056274152201,-0.0075892882337789,0.1705828588223004,0.5999017816399395,-0.6191531955572649,0.1108628349398369,-0.6191531955572649,0.1108628349398369,0.1705828588223004,0.5999017816399395,0.0044056274152201,-0.0075892882337789,0.0074103631987528,-0.0023945493299578,0.1705828588223004,0.5999017816399395,-0.6191531955572649,0.1108628349398369,0.0074103631987528,-0.0023945493299578,0.0044056274152201,-0.0075892882337789,0.511
-0.0060229918797536,-0.0082552701798169,0.0007502383400316,-0.0077397803006727,-0.366448660267474,0.5118012709255731,0.5406360979349056,0.3113853442961644,0.0007502383400316,-0.0077397803006727,-0.0060229918797536,-0.0082552701798169,0.5406360979349056,0.3113853442961644,-0.366448660267474,0.5118012709255731,-0.366448660267474,0.5118012709255731,0.5406360979349056,0.3113853442961644,-0.0060229918797536,-0.0082552701798169,0.0007502383400316,-0.0077397803006727,0.5406360979349056,0.3113853442961644,-0.366448660267474,0.5118012709255731,0.0007502383400316,-0.0077397803006727,-0.0060229918797536,-0.0082552701798169,0.5111
-0.0106694847552049,0.0010084853190268,-0.0067818051626391,-0.0037398210490282,0.0945915091904161,0.6227540833396251,0.605138495113789,-0.1534614696718648,-0.0067818051626391,-0.0037398210490282,-0.0106694847552049,0.0010084853190268,0.605138495113789,-0.1534614696718648,0.0945915091904161,0.6227540833396251,0.0945915091904161,0.6227540833396251,0.605138495113789,-0.1534614696718648,-0.0106694847552049,0.0010084853190268,-0.0067818051626391,-0.0037398210490282,0.605138495113789,-0.1534614696718648,0.0945915091904161,0.6227540833396251,-0.0067818051626391,-0.0037398210490282,-0.0106694847552049,0.0010084853190268,0.5112
-0.0040050482185013,0.0088214270110551,-0.0060786674319086,0.004748204867519,0.5024265403627775,0.3804663551739883,0.327430538610383,-0.5321424080858297,-0.0060786674319086,0.004748204867519,-0.0040050482185013,0.0088214270110551,0.327430538610383,-0.5321424080858297,0.5024265403627775,0.3804663551739883,0.5024265403627775,0.3804663551739883,0.327430538610383,-0.5321424080858297,-0.0040050482185013,0.0088214270110551,-0.0060786674319086,0.004748204867519,0.327430538610383,-0.5321424080858297,0.5024265403627775,0.3804663551739883,-0.0060786674319086,0.004748204867519,-0.0040050482185013,0.0088214270110551,0.5113
0.0057007726012853,0.0057386268773288,0.0019868473503377,0.0074409390270573,0.6256382764169316,-0.0776379477388752,-0.1359855392009559,-0.610342404923712,0.0019868473503377,0.0074409390270573,0.0057007726012853,0.0057386268773288,-0.1359855392009559,-0.610342404923712,0.6256382764169316,-0.0776379477388752,0.6256382764169316,-0.0776379477388752,-0.1359855392009559,-0.610342404923712,0.0057007726012853,0.0057386268773288,0.0019868473503377,0.0074409390270573,-0.1359855392009559,-0.610342404923712,0.6256382764169316,-0.0776379477388752,0.0019868473503377,0.0074409390270573,0.0057007726012853,0.0057386268773288,0.5114
0.0066274986354591,-0.0043355266798221,0.0076233091343957,0.00110119883895,0.3946328327242291,-0.491817131864338,-0.5230472586572406,-0.3433462839984784,0.0076233091343957,0.00110119883895,0.0066274986354591,-0.0043355266798221,-0.5230472586572406,-0.3433462839984784,0.3946328327242291,-0.491817131864338,0.3946328327242291,-0.491817131864338,-0.5230472586572406,-0.3433462839984784,0.0066274986354591,-0.0043355266798221,0.0076233091343957,0.00110119883895,-0.5230472586572406,-0.3433462839984784,0.3946328327242291,-0.491817131864338,0.0076233091343957,0.00110119883895,0.0066274986354591,-0.0043355266798221,0.5115
-0.0022375390162718,-0.0091026091112883,0.0040265861539788,-0.006549566343856,-0.0594694898415148,-0.6279098912743281,-0.6146726016020854,0.1178729723158535,0.0040265861539788,-0.006549566343856,-0.0022375390162718,-0.0091026091112883,-0.6146726016020854,0.1178729723158535,-0.0594694898415148,-0.6279098912743281,-0.0594694898415148,-0.6279098912743281,-0.6146726016020854,0.1178729723158535,-0.0022375390162718,-0.0091026091112883,0.0040265861539788,-0.006549566343856,-0.6146726016020854,0.1178729723158535,-0.0594694898415148,-0.6279098912743281,0.0040265861539788,-0.006549566343856,-0.0022375390162718,-0.0091026091112883,0.5115999999999999
-0.0100740733220273,-0.002863139971512,-0.0043831050978518,-0.0062607413137444,-0.480078221988145,-0.4094505619269197,-0.3593675614594804,0.5125528179082178,-0.0043831050978518,-0.0062607413137444,-0.0100740733220273,-0.002863139971512,-0.3593675614594804,0.5125528179082178,-0.480078221988145,-0.4094505619269197,-0.480078221988145,-0.4094505619269197,-0.3593675614594804,0.5125528179082178,-0.0100740733220273,-0.002863139971512,-0.0043831050978518,-0.0062607413137444,-0.3593675614594804,0.5125528179082178,-0.480078221988145,-0.4094505619269197,-0.0043831050978518,-0.0062607413137444,-0.0100740733220273,-0.002863139971512,0.5116999999999999
-0.0074711058648535,0.0067473608343407,-0.0074212595385581,0.0015331695253517,-0.6300687619154243,0.0402297313891385,0.098409451389053,0.618341367170044,-0.0074212595385581,0.0015331695253517,-0.0074711058648535,0.0067473608343407,0.098409451389053,0.618341367170044,-0.6300687619154243,0.0402297313891385,-0.6300687619154243,0.0402297313891385,0.098409451389053,0.618341367170044,-0.0074711058648535,0.0067473608343407,-0.0074212595385581,0.0015331695253517,0.098409451389053,0.618341367170044,-0.6300687619154243,0.0402297313891385,-0.0074212595385581,0.0015331695253517,-0.0074711058648535,0.0067473608343407,0.5117999999999999
0.0023028169398969,0.008172210807162,-0.0015092965134827,0.0073691644478762,-0.4247328132550319,0.4677443848885035,0.5008858741734766,0.3761175628618018,-0.0015092965134827,0.0073691644478762,0.0023028169398969,0.008172210807162,0.5008858741734766,0.3761175628618018,-0.4247328132550319,0.4677443848885035,-0.4247328132550319,0.4677443848885035,0.5008858741734766,0.3761175628618018,0.0023028169398969,0.008172210807162,-0.0015092965134827,0.0073691644478762,0.5008858741734766,0.3761175628618018,-0.4247328132550319,0.4677443848885035,-0.0015092965134827,0.0073691644478762,0.0023028169398969,0.008172210807162,0.5119
0.0074459440098463,-0.0001509617624052,0.0061369154929312,0.0042874167781978,0.0205095131745208,0.631914063060182,0.6219091281431913,-0.0778596112049047,0.0061369154929312,0.0042874167781978,0.0074459440098463,-0.0001509617624052,0.6219091281431913,-0.0778596112049047,0.0205095131745208,0.631914063060182,0.0205095131745208,0.631914063060182,0.6219091281431913,-0.0778596112049047,0.0074459440098463,-0.0001509617624052,0.0061369154929312,0.0042874167781978,0.6219091281431913,-0.0778596112049047,0.0205095131745208,0.631914063060182,0.0061369154929312,0.0042874167781978,0.0074459440098463,-0.0001509617624052,0.512
0.0018917006381345,-0.0080951273948811,0.0063605769062418,-0.0038884098792239,0.4546443624155376,0.4398447331200547,0.3933044426116324,-0.4885899891800536,0.0063605769062418,-0.0038884098792239,0.0018917006381345,-0.0080951273948811,0.3933044426116324,-0.4885899891800536,0.4546443624155376,0.4398447331200547,0.4546443624155376,0.4398447331200547,0.3933044426116324,-0.4885899891800536,0.0018917006381345,-0.0080951273948811,0.0063605769062418,-0.0038884098792239,0.3933044426116324,-0.4885899891800536,0.4546443624155376,0.4398447331200547,0.0063605769062418,-0.0038884098792239,0.0018917006381345,-0.0080951273948811,0.5121
-0.0075310415748496,-0.0061429216059614,-0.0009838710438596,-0.0073432789909578,0.6328107563369325,-0.0001975416061056,-0.0567845712570865,-0.6251013162216614,-0.0009838710438596,-0.0073432789909578,-0.0075310415748496,-0.0061429216059614,-0.0567845712570865,-0.6251013162216614,0.6328107563369325,-0.0001975416061056,0.6328107563369325,-0.0001975416061056,-0.0567845712570865,-0.6251013162216614,-0.0075310415748496,-0.0061429216059614,-0.0009838710438596,-0.0073432789909578,-0.0567845712570865,-0.6251013162216614,0.6328107563369325,-0.0001975416061056,-0.0009838710438596,-0.0073432789909578,-0.0075310415748496,-0.0061429216059614,0.5122
-0.0094516616798127,0.0032441039355701,-0.0070601478507033,-0.0020467068038156,0.4548397278781098,-0.4401957851738963,-0.4754643803184407,-0.4103480592616746,-0.0070601478507033,-0.0020467068038156,-0.0094516616798127,0.0032441039355701,-0.4754643803184407,-0.4103480592616746,0.4548397278781098,-0.4401957851738963,0.4548397278781098,-0.4401957851738963,-0.4754643803184407,-0.4103480592616746,-0.0094516616798127,0.0032441039355701,-0.0070601478507033,-0.0020467068038156,-0.4754643803184407,-0.4103480592616746,0.4548397278781098,-0.4401957851738963,-0.0070601478507033,-0.0020467068038156,-0.0094516616798127,0.0032441039355701,0.5123
-0.0016121621479617,0.0087210067585109,-0.00468218132749,0.0056070517732978,0.021204040186929,-0.6327868895567976,-0.627350231527981,0.0350947060551955,-0.00468218132749,0.0056070517732978,-0.0016121621479617,0.0087210067585109,-0.627350231527981,0.0350947060551955,0.021204040186929,-0.6327868895567976,0.021204040186929,-0.6327868895567976,-0.627350231527981,0.0350947060551955,-0.0016121621479617,0.0087210067585109,-0.00468218132749,0.0056070517732978,-0.627350231527981,0.0350947060551955,0.021204040186929,-0.6327868895567976,-0.00468218132749,0.0056070517732978,-0.0016121621479617,0.0087210067585109,0.5124
0.0065278306134879,0.0037254455117489,0.0032445064117671,0.0065274984011505,-0.4244416588989161,-0.4701394192954522,-0.4272300582108636,0.4609959557902989,0.0032445064117671,0.0065274984011505,0.0065278306134879,0.0037254455117489,-0.4272300582108636,0.4609959557902989,-0.4244416588989161,-0.4701394192954522,-0.4244416588989161,-0.4701394192954522,-0.4272300582108636,0.4609959557902989,0.0065278306134879,0.0037254455117489,0.0032445064117671,0.0065274984011505,-0.4272300582108636,0.4609959557902989,-0.4244416588989161,-0.4701394192954522,0.0032445064117671,0.0065274984011505,0.0065278306134879,0.0037254455117489,0.5125
0.0052173025664743,-0.0057099050291955,0.0072878814037885,-0.0003252793591845,-0.6322319565748458,-0.0436185036788221,0.012353617990686,0.6285710332534763,0.0072878814037885,-0.0003252793591845,0.0052173025664743,-0.0057099050291955,0.012353617990686,0.6285710332534763,-0.6322319565748458,-0.0436185036788221,-0.6322319565748458,-0.0436185036788221,0.012353617990686,0.6285710332534763,0.0052173025664743,-0.0057099050291955,0.0072878814037885,-0.0003252793591845,0.012353617990686,0.6285710332534763,-0.6322319565748458,-0.0436185036788221,0.0072878814037885,-0.0003252793591845,0.0052173025664743,-0.0057099050291955,0.5126
-0.0039077870216346,-0.0082807735797906,0.0026708008887801,-0.0067899268478233,-0.485653162279369,0.4077933400476823,0.4450877628897692,0.4443276494231002,0.0026708008887801,-0.0067899268478233,-0.0039077870216346,-0.0082807735797906,0.4450877628897692,0.4443276494231002,-0.485653162279369,0.4077933400476823,-0.485653162279369,0.4077933400476823,0.4450877628897692,0.4443276494231002,-0.0039077870216346,-0.0082807735797906,0.0026708008887801,-0.0067899268478233,0.4450877628897692,0.4443276494231002,-0.485653162279369,0.4077933400476823,0.0026708008887801,-0.0067899268478233,-0.0039077870216346,-0.0082807735797906,0.5126999999999999
-0.0098722494909493,-0.0009913385049825,-0.0051066868917778,-0.0051885576971843,-0.0665808159978298,0.6310924419735001,0.6291335557543035,0.0115139530147464,-0.0051066868917778,-0.0051885576971843,-0.0098722494909493,-0.0009913385049825,0.6291335557543035,0.0115139530147464,-0.0665808159978298,0.6310924419735001,-0.0665808159978298,0.6310924419735001,0.6291335557543035,0.0115139530147464,-0.0098722494909493,-0.0009913385049825,-0.0051066868917778,-0.0051885576971843,0.6291335557543035,0.0115139530147464,-0.0665808159978298,0.6310924419735001,-0.0051066868917778,-0.0051885576971843,-0.0098722494909493,-0.0009913385049825,0.5127999999999999
-0.0055839584130039,0.0073231204524545,-0.0067883987454246,0.0025754508866187,0.3902881152378566,0.5008707519683728,0.4617017271927031,-0.4281601108659312,-0.0067883987454246,0.0025754508866187,-0.0055839584130039,0.0073231204524545,0.4617017271927031,-0.4281601108659312,0.3902881152378566,0.5008707519683728,0.3902881152378566,0.5008707519683728,0.4617017271927031,-0.4281601108659312,-0.0055839584130039,0.0073231204524545,-0.0067883987454246,0.0025754508866187,0.4617017271927031,-0.4281601108659312,0.3902881152378566,0.5008707519683728,-0.0067883987454246,0.0025754508866187,-0.0055839584130039,0.0073231204524545,0.5128999999999999
0.0036987975138784,0.0066812334518682,-0.0003577255905894,0.0072519132700701,0.6288541186079699,0.0899394883724515,0.0360078088043193,-0.6291269904320168,-0.0003577255905894,0.0072519132700701,0.0036987975138784,0.0066812334518682,0.0360078088043193,-0.6291269904320168,0.6288541186079699,0.0899394883724515,0.6288541186079699,0.0899394883724515,0.0360078088043193,-0.6291269904320168,0.0036987975138784,0.0066812334518682,-0.0003577255905894,0.0072519132700701,0.0360078088043193,-0.6291269904320168,0.6288541186079699,0.0899394883724515,-0.0003577255905894,0.0072519132700701,0.0036987975138784,0.0066812334518682,0.513
0.0067746276782885,-0.0020682155063145,0.0065191957433864,0.0032463231763957,0.5155498271045311,-0.3714522685041047,-0.4103792817757287,-0.4787902327211612,0.0065191957433864,0.0032463231763957,0.0067746276782885,-0.0020682155063145,-0.4103792817757287,-0.4787902327211612,0.5155498271045311,-0.3714522685041047,0.5155498271045311,-0.3714522685041047,-0.4103792817757287,-0.4787902327211612,0.0067746276782885,-0.0020682155063145,0.0065191957433864,0.0032463231763957,-0.4103792817757287,-0.4787902327211612,0.5155498271045311,-0.3714522685041047,0.0065191957433864,0.0032463231763957,0.0067746276782885,-0.0020682155063145,0.5131
-1.8375165815366367e-05,-0.0083578944784031,0.0056183740608109,-0.0046640675649937,0.1141123258590391,-0.6252425068417409,-0.6279835408721968,-0.0608640819116394,0.0056183740608109,-0.0046640675649937,-1.8375165815366367e-05,-0.0083578944784031,-0.6279835408721968,-0.0608640819116394,0.1141123258590391,-0.6252425068417409,0.1141123258590391,-0.6252425068417409,-0.6279835408721968,-0.0608640819116394,-1.8375165815366367e-05,-0.0083578944784031,0.0056183740608109,-0.0046640675649937,-0.6279835408721968,-0.0608640819116394,0.1141123258590391,-0.6252425068417409,0.0056183740608109,-0.0046640675649937,-1.8375165815366367e-05,-0.0083578944784031,0.5132
-0.0084846199171435,-0.0046565342647195,-0.0019824515520719,-0.0070188060439582,-0.3510401357060859,-0.5300805466156795,-0.4952568110973742,0.3912328699137134,-0.0019824515520719,-0.0070188060439582,-0.0084846199171435,-0.0046565342647195,-0.4952568110973742,0.3912328699137134,-0.3510401357060859,-0.5300805466156795,-0.3510401357060859,-0.5300805466156795,-0.4952568110973742,0.3912328699137134,-0.0084846199171435,-0.0046565342647195,-0.0019824515520719,-0.0070188060439582,-0.4952568110973742,0.3912328699137134,-0.3510401357060859,-0.5300805466156795,-0.0019824515520719,-0.0070188060439582,-0.0084846199171435,-0.0046565342647195,0.5133
-0.008502761154888,0.0045488225929042,-0.007186609540913,-0.0010172922193722,-0.6206780377516345,-0.139288183816442,-0.0865105141433753,0.6253529618436567,-0.007186609540913,-0.0010172922193722,-0.008502761154888,0.0045488225929042,-0.0865105141433753,0.6253529618436567,-0.6206780377516345,-0.139288183816442,-0.6206780377516345,-0.139288183816442,-0.0865105141433753,0.6253529618436567,-0.008502761154888,0.0045488225929042,-0.007186609540913,-0.0010172922193722,-0.0865105141433753,0.6253529618436567,-0.6206780377516345,-0.139288183816442,-0.007186609540913,-0.0010172922193722,-0.008502761154888,0.0045488225929042,0.5134
-0.0001404034236812,0.0082531018807011,-0.003798480996424,0.006141893547437,-0.544614807105545,0.3295549099512427,0.3704136226545528,0.5114645397253863,-0.003798480996424,0.006141893547437,-0.0001404034236812,0.0082531018807011,0.3704136226545528,0.5114645397253863,-0.544614807105545,0.3295549099512427,-0.544614807105545,0.3295549099512427,0.3704136226545528,0.5114645397253863,-0.0001404034236812,0.0082531018807011,-0.003798480996424,0.006141893547437,0.3704136226545528,0.5114645397253863,-0.544614807105545,0.3295549099512427,-0.003798480996424,0.006141893547437,-0.0001404034236812,0.0082531018807011,0.5135
0.0065577463750597,0.0021416801030466,0.004087407914464,0.0059307606448602,-0.1648686558369901,0.6153280040113647,0.6215892248074947,0.1131929225681379,0.004087407914464,0.0059307606448602,0.0065577463750597,0.0021416801030466,0.6215892248074947,0.1131929225681379,-0.1648686558369901,0.6153280040113647,-0.1648686558369901,0.6153280040113647,0.6215892248074947,0.1131929225681379,0.0065577463750597,0.0021416801030466,0.004087407914464,0.0059307606448602,0.6215892248074947,0.1131929225681379,-0.1648686558369901,0.6153280040113647,0.004087407914464,0.0059307606448602,0.0065577463750597,0.0021416801030466,0.5136
0.0036701209487368,-0.0063664412174466,0.0070702716405443,-0.0013313142120443,0.3072275831441486,0.5584983281758453,0.5276323446516369,-0.3483205390203818,0.0070702716405443,-0.0013313142120443,0.0036701209487368,-0.0063664412174466,0.5276323446516369,-0.3483205390203818,0.3072275831441486,0.5584983281758453,0.3072275831441486,0.5584983281758453,0.5276323446516369,-0.3483205390203818,0.0036701209487368,-0.0063664412174466,0.0070702716405443,-0.0013313142120443,0.5276323446516369,-0.3483205390203818,0.3072275831441486,0.5584983281758453,0.0070702716405443,-0.0013313142120443,0.0036701209487368,-0.0063664412174466,0.5136999999999999
-0.0052153052047633,-0.0071151003932618,0.0016730242303473,-0.0069763504924126,0.6085534490027534,0.1905495059071566,0.1404516402452069,-0.6169537144887803,0.0016730242303473,-0.0069763504924126,-0.0052153052047633,-0.0071151003932618,0.1404516402452069,-0.6169537144887803,0.6085534490027534,0.1905495059071566,0.6085534490027534,0.1905495059071566,0.1404516402452069,-0.6169537144887803,-0.0052153052047633,-0.0071151003932618,0.0016730242303473,-0.0069763504924126,0.1404516402452069,-0.6169537144887803,0.6085534490027534,0.1905495059071566,0.0016730242303473,-0.0069763504924126,-0.0052153052047633,-0.0071151003932618,0.5137999999999999
-0.0094376805598997,0.0006892597120239,-0.0056444371414371,-0.0043626992286578,0.5713929022217435,-0.2834970456245552,-0.325320726855237,-0.5432757108507018,-0.0056444371414371,-0.0043626992286578,-0.0094376805598997,0.0006892597120239,-0.325320726855237,-0.5432757108507018,0.5713929022217435,-0.2834970456245552,0.5713929022217435,-0.2834970456245552,-0.325320726855237,-0.5432757108507018,-0.0094376805598997,0.0006892597120239,-0.0056444371414371,-0.0043626992286578,-0.325320726855237,-0.5432757108507018,0.5713929022217435,-0.2834970456245552,-0.0056444371414371,-0.0043626992286578,-0.0094376805598997,0.0006892597120239,0.5138999999999999
-0.0040083857108087,0.0076779680855181,-0.0062522254857314,0.0033484231872998,0.2167964775747294,-0.6000479539685891,-0.611003657309676,-0.1677951779638366,-0.0062522254857314,0.0033484231872998,-0.0040083857108087,0.0076779680855181,-0.611003657309676,-0.1677951779638366,0.2167964775747294,-0.6000479539685891,0.2167964775747294,-0.6000479539685891,-0.611003657309676,-0.1677951779638366,-0.0040083857108087,0.0076779680855181,-0.0062522254857314,0.0033484231872998,-0.611003657309676,-0.1677951779638366,0.2167964775747294,-0.6000479539685891,-0.0062522254857314,0.0033484231872998,-0.0040083857108087,0.0076779680855181,0.514
0.0045638426982091,0.0055553546243003,0.0005043531054785,0.0070569266123498,-0.2581392073232826,-0.5837053266296415,-0.5578162295127012,0.3010680984977276,0.0005043531054785,0.0070569266123498,0.0045638426982091,0.0055553546243003,-0.5578162295127012,0.3010680984977276,-0.2581392073232826,-0.5837053266296415,-0.2581392073232826,-0.5837053266296415,-0.5578162295127012,0.3010680984977276,0.0045638426982091,0.0055553546243003,0.0005043531054785,0.0070569266123498,-0.5578162295127012,0.3010680984977276,-0.2581392073232826,-0.5837053266296415,0.0005043531054785,0.0070569266123498,0.0045638426982091,0.0055553546243003,0.5141
0.0061188425149939,-0.0031073791669751,0.0066523623631744,0.0024386122429592,-0.5902247103040689,-0.2437508397337833,-0.1954671233630085,0.6031435263312513,0.0066523623631744,0.0024386122429592,0.0061188425149939,-0.0031073791669751,-0.1954671233630085,0.6031435263312513,-0.5902247103040689,-0.2437508397337833,-0.5902247103040689,-0.2437508397337833,-0.1954671233630085,0.6031435263312513,0.0061188425149939,-0.0031073791669751,0.0066523623631744,0.0024386122429592,-0.1954671233630085,0.6031435263312513,-0.5902247103040689,-0.2437508397337833,0.0066523623631744,0.0024386122429592,0.0061188425149939,-0.0031073791669751,0.5142
-0.0011118726792113,-0.0080402862488545,0.0049837122034084,-0.0050601609415479,-0.5955484625841456,0.2316239776398057,0.2750071903483753,0.5714461266298047,0.0049837122034084,-0.0050601609415479,-0.0011118726792113,-0.0080402862488545,0.2750071903483753,0.5714461266298047,-0.5955484625841456,0.2316239776398057,-0.5955484625841456,0.2316239776398057,0.2750071903483753,0.5714461266298047,-0.0011118726792113,-0.0080402862488545,0.0049837122034084,-0.0050601609415479,0.2750071903483753,0.5714461266298047,-0.5955484625841456,0.2316239776398057,0.0049837122034084,-0.0050601609415479,-0.0011118726792113,-0.0080402862488545,0.5143
-0.0085125052133116,-0.0034797799381791,-0.002539229847685,-0.0066364879538697,-0.270885667884256,0.5792475850017056,0.5935937851752379,0.2239761112616776,-0.002539229847685,-0.0066364879538697,-0.0085125052133116,-0.0034797799381791,0.5935937851752379,0.2239761112616776,-0.270885667884256,0.5792475850017056,-0.270885667884256,0.5792475850017056,0.5935937851752379,0.2239761112616776,-0.0085125052133116,-0.0034797799381791,-0.002539229847685,-0.0066364879538697,0.5935937851752379,0.2239761112616776,-0.270885667884256,0.5792475850017056,-0.002539229847685,-0.0066364879538697,-0.0085125052133116,-0.0034797799381791,0.5144
-0.0073525896642292,0.0050780154850193,-0.007087203969301,-0.0004213239628556,0.2042234262672619,0.606391026791968,0.5846766665181286,-0.247446552252517,-0.007087203969301,-0.0004213239628556,-0.0073525896642292,0.0050780154850193,0.5846766665181286,-0.247446552252517,0.2042234262672619,0.606391026791968,0.2042234262672619,0.606391026791968,0.5846766665181286,-0.247446552252517,-0.0073525896642292,0.0050780154850193,-0.007087203969301,-0.0004213239628556,0.5846766665181286,-0.247446552252517,0.2042234262672619,0.606391026791968,-0.007087203969301,-0.0004213239628556,-0.0073525896642292,0.0050780154850193,0.5145
0.0009080493601965,0.0074618648768043,-0.0032843494465188,0.0063039715857397,0.5666541516777098,0.2978208019394558,0.2529232063367669,-0.5829427724332863,-0.0032843494465188,0.0063039715857397,0.0009080493601965,0.0074618648768043,0.2529232063367669,-0.5829427724332863,0.5666541516777098,0.2978208019394558,0.5666541516777098,0.2978208019394558,0.2529232063367669,-0.5829427724332863,0.0009080493601965,0.0074618648768043,-0.0032843494465188,0.0063039715857397,0.2529232063367669,-0.5829427724332863,0.5666541516777098,0.2978208019394558,-0.0032843494465188,0.0063039715857397,0.0009080493601965,0.0074618648768043,0.5146
0.0064139083560917,0.0008755577401291,0.0044405207968325,0.0055981182221361,0.6158022428048249,-0.1755897068051534,-0.219101602163334,-0.5970764345316357,0.0044405207968325,0.0055981182221361,0.0064139083560917,0.0008755577401291,-0.219101602163334,-0.5970764345316357,0.6158022428048249,-0.1755897068051534,0.6158022428048249,-0.1755897068051534,-0.219101602163334,-0.5970764345316357,0.0064139083560917,0.0008755577401291,0.0044405207968325,0.0055981182221361,-0.219101602163334,-0.5970764345316357,0.6158022428048249,-0.1755897068051534,0.0044405207968325,0.0055981182221361,0.0064139083560917,0.0008755577401291,0.5146999999999999
0.0026177219638876,-0.0068303206810223,0.0069756620500916,-0.0017684447015871,0.3248042048169983,-0.5520415858562286,-0.5708091706382065,-0.2814763965006251,0.0069756620500916,-0.0017684447015871,0.0026177219638876,-0.0068303206810223,-0.5708091706382065,-0.2814763965006251,0.3248042048169983,-0.5520415858562286,0.3248042048169983,-0.5520415858562286,-0.5708091706382065,-0.2814763965006251,0.0026177219638876,-0.0068303206810223,0.0069756620500916,-0.0017684447015871,-0.5708091706382065,-0.2814763965006251,0.3248042048169983,-0.5520415858562286,0.0069756620500916,-0.0017684447015871,0.0026177219638876,-0.0068303206810223,0.5147999999999999
-0.0059748842442673,-0.0064983123594213,0.0012690854013266,-0.0071186929670422,-0.1453971478778087,-0.6240007460313235,-0.6077661806035388,0.1896961792673246,0.0012690854013266,-0.0071186929670422,-0.0059748842442673,-0.0064983123594213,-0.6077661806035388,0.1896961792673246,-0.1453971478778087,-0.6240007460313235,-0.1453971478778087,-0.6240007460313235,-0.6077661806035388,0.1896961792673246,-0.0059748842442673,-0.0064983123594213,0.0012690854013266,-0.0071186929670422,-0.6077661806035388,0.1896961792673246,-0.1453971478778087,-0.6240007460313235,0.0012690854013266,-0.0071186929670422,-0.0059748842442673,-0.0064983123594213,0.5148999999999999
-0.0091813376043617,0.0014748686098362,-0.0059708063953848,-0.0040871781977499,-0.5356845669054717,-0.3520970249737152,-0.3098148014255851,0.5563545689297763,-0.0059708063953848,-0.0040871781977499,-0.0091813376043617,0.0014748686098362,-0.3098148014255851,0.5563545689297763,-0.5356845669054717,-0.3520970249737152,-0.5356845669054717,-0.3520970249737152,-0.3098148014255851,0.5563545689297763,-0.0091813376043617,0.0014748686098362,-0.0059708063953848,-0.0040871781977499,-0.3098148014255851,0.5563545689297763,-0.5356845669054717,-0.3520970249737152,-0.0059708063953848,-0.0040871781977499,-0.0091813376043617,0.0014748686098362,0.515
-0.0032365471925267,0.0076401962512837,-0.0061602236281558,0.0037782650904761,-0.6312503052462474,0.1140239131650515,0.1584850447272486,0.616894645251717,-0.0061602236281558,0.0037782650904761,-0.0032365471925267,0.0076401962512837,0.1584850447272486,0.616894645251717,-0.6312503052462474,0.1140239131650515,-0.6312503052462474,0.1140239131650515,0.1584850447272486,0.616894645251717,-0.0032365471925267,0.0076401962512837,-0.0061602236281558,0.0037782650904761,0.1584850447272486,0.616894645251717,-0.6312503052462474,0.1140239131650515,-0.0061602236281558,0.0037782650904761,-0.0032365471925267,0.0076401962512837,0.5151
0.0047682771880886,0.0047408112599948,0.000951616195068,0.0071659523386032,-0.3792390387451464,0.5179272774520927,0.5397791323689154,0.3386080212293848,0.000951616195068,0.0071659523386032,0.0047682771880886,0.0047408112599948,0.5397791323689154,0.3386080212293848,-0.3792390387451464,0.5179272774520927,-0.3792390387451464,0.5179272774520927,0.5397791323689154,0.3386080212293848,0.0047682771880886,0.0047408112599948,0.000951616195068,0.0071659523386032,0.5397791323689154,0.3386080212293848,-0.3792390387451464,0.5179272774520927,0.000951616195068,0.0071659523386032,0.0047682771880886,0.0047408112599948,0.5152
0.0053566743164778,-0.0036931719433243,0.0069490240833203,0.0020574152104034,0.081929876288269,0.6370871963144564,0.6251339775218807,-0.1257614158374683,0.0069490240833203,0.0020574152104034,0.0053566743164778,-0.0036931719433243,0.6251339775218807,-0.1257614158374683,0.081929876288269,0.6370871963144564,0.081929876288269,0.6370871963144564,0.6251339775218807,-0.1257614158374683,0.0053566743164778,-0.0036931719433243,0.0069490240833203,0.0020574152104034,0.6251339775218807,-0.1257614158374683,0.081929876288269,0.6370871963144564,0.0069490240833203,0.0020574152104034,0.0053566743164778,-0.0036931719433243,0.5153
-0.0020779953391049,-0.0076099520338216,0.0047428419382795,-0.0054980525749699,0.4983897146866826,0.4056898563790743,0.3674997674161069,-0.5218480343214031,0.0047428419382795,-0.0054980525749699,-0.0020779953391049,-0.0076099520338216,0.3674997674161069,-0.5218480343214031,0.4983897146866826,0.4056898563790743,0.4983897146866826,0.4056898563790743,0.3674997674161069,-0.5218480343214031,-0.0020779953391049,-0.0076099520338216,0.0047428419382795,-0.0054980525749699,0.3674997674161069,-0.5218480343214031,0.4983897146866826,0.4056898563790743,0.0047428419382795,-0.0054980525749699,-0.0020779953391049,-0.0076099520338216,0.5154
-0.0086350558262179,-0.0024080776635921,-0.003039754643983,-0.0065826839313238,0.6409792379302177,-0.0488594119541029,-0.0924285392943721,-0.6321521871432431,-0.003039754643983,-0.0065826839313238,-0.0086350558262179,-0.0024080776635921,-0.0924285392943721,-0.6321521871432431,0.6409792379302177,-0.0488594119541029,0.6409792379302177,-0.0488594119541029,-0.0924285392943721,-0.6321521871432431,-0.0086350558262179,-0.0024080776635921,-0.003039754643983,-0.0065826839313238,-0.0924285392943721,-0.6321521871432431,0.6409792379302177,-0.0488594119541029,-0.003039754643983,-0.0065826839313238,-0.0086350558262179,-0.0024080776635921,0.5155
-0.0065440614965865,0.0056766289677453,-0.0072214248319543,5.0443704226281176e-05,0.4316130475936742,-0.4766372475531589,-0.5023455682997892,-0.395479058329715,-0.0072214248319543,5.0443704226281176e-05,-0.0065440614965865,0.0056766289677453,-0.5023455682997892,-0.395479058329715,0.4316130475936742,-0.4766372475531589,0.4316130475936742,-0.4766372475531589,-0.5023455682997892,-0.395479058329715,-0.0065440614965865,0.0056766289677453,-0.0072214248319543,5.0443704226281176e-05,-0.5023455682997892,-0.395479058329715,0.4316130475936742,-0.4766372475531589,-0.0072214248319543,5.0443704226281176e-05,-0.0065440614965865,0.0056766289677453,0.5156
0.0016701317919022,0.0070701411273416,-0.0029160175382823,0.0065831355262865,-0.0145091961356972,-0.6430826130509404,-0.6369179885376062,0.0584249049706206,-0.0029160175382823,0.0065831355262865,0.0016701317919022,0.0070701411273416,-0.6369179885376062,0.0584249049706206,-0.0145091961356972,-0.6430826130509404,-0.0145091961356972,-0.6430826130509404,-0.6369179885376062,0.0584249049706206,0.0016701317919022,0.0070701411273416,-0.0029160175382823,0.0065831355262865,-0.6369179885376062,0.0584249049706206,-0.0145091961356972,-0.6430826130509404,-0.0029160175382823,0.0065831355262865,0.0016701317919022,0.0070701411273416,0.5156999999999999
0.0063021244208326,0.0001872127085651,0.0047979496746446,0.0053733303463905,-0.4528997242623639,-0.4572255293733291,-0.42249597342456,0.4803082978391079,0.0047979496746446,0.0053733303463905,0.0063021244208326,0.0001872127085651,-0.42249597342456,0.4803082978391079,-0.4528997242623639,-0.4572255293733291,-0.4528997242623639,-0.4572255293733291,-0.42249597342456,0.4803082978391079,0.0063021244208326,0.0001872127085651,0.0047979496746446,0.0053733303463905,-0.42249597342456,0.4803082978391079,-0.4528997242623639,-0.4572255293733291,0.0047979496746446,0.0053733303463905,0.0063021244208326,0.0001872127085651,0.5157999999999999
0.0019773301091612,-0.0068243076893293,0.0068999764062455,-0.0021349657570065,-0.6436248918476415,-0.0207957164142753,0.0228847975099362,0.6393691916769304,0.0068999764062455,-0.0021349657570065,0.0019773301091612,-0.0068243076893293,0.0228847975099362,0.6393691916769304,-0.6436248918476415,-0.0207957164142753,-0.6436248918476415,-0.0207957164142753,0.0228847975099362,0.6393691916769304,0.0019773301091612,-0.0068243076893293,0.0068999764062455,-0.0021349657570065,0.0228847975099362,0.6393691916769304,-0.6436248918476415,-0.0207957164142753,0.0068999764062455,-0.0021349657570065,0.0019773301091612,-0.0068243076893293,0.5158999999999999
-0.0061193367914317,-0.0057863823997388,0.0009529704639385,-0.0071705393831372,-0.482164208750473,0.4275037537711686,0.4557557272990217,0.4493697904870588,0.0009529704639385,-0.0071705393831372,-0.0061193367914317,-0.0057863823997388,0.4557557272990217,0.4493697904870588,-0.482164208750473,0.4275037537711686,-0.482164208750473,0.4275037537711686,0.4557557272990217,0.4493697904870588,-0.0061193367914317,-0.0057863823997388,0.0009529704639385,-0.0071705393831372,0.4557557272990217,0.4493697904870588,-0.482164208750473,0.4275037537711686,0.0009529704639385,-0.0071705393831372,-0.0061193367914317,-0.0057863823997388,0.516
-0.0084782705196067,0.0019497994478665,-0.0061085916571882,-0.0038644104101527,-0.0566073109643033,0.642308838079772,0.6403813100730713,0.0140621064772717,-0.0061085916571882,-0.0038644104101527,-0.0084782705196067,0.0019497994478665,0.6403813100730713,0.0140621064772717,-0.0566073109643033,0.642308838079772,-0.0566073109643033,0.642308838079772,0.6403813100730713,0.0140621064772717,-0.0084782705196067,0.0019497994478665,-0.0061085916571882,-0.0038644104101527,0.6403813100730713,0.0140621064772717,-0.0566073109643033,0.642308838079772,-0.0061085916571882,-0.0038644104101527,-0.0084782705196067,0.0019497994478665,0.5161
-0.0024300670546205,0.0072330770053296,-0.0060518290035158,0.0039476500504474,0.4003038921353554,0.50591922424735,0.4759176075815441,-0.4297083507442443,-0.0060518290035158,0.0039476500504474,-0.0024300670546205,0.0072330770053296,0.4759176075815441,-0.4297083507442443,0.4003038921353554,0.50591922424735,0.4003038921353554,0.50591922424735,0.4759176075815441,-0.4297083507442443,-0.0024300670546205,0.0072330770053296,-0.0060518290035158,0.0039476500504474,0.4759176075815441,-0.4297083507442443,0.4003038921353554,0.50591922424735,-0.0060518290035158,0.0039476500504474,-0.0024300670546205,0.0072330770053296,0.5162
0.0048407239110334,0.0038926880985319,0.0010942075107729,0.0071670467463956,0.6386672575373423,0.0929073736654343,0.0512352298419249,-0.6398253556790986,0.0010942075107729,0.0071670467463956,0.0048407239110334,0.0038926880985319,0.0512352298419249,-0.6398253556790986,0.6386672575373423,0.0929073736654343,0.6386672575373423,0.0929073736654343,0.0512352298419249,-0.6398253556790986,0.0048407239110334,0.0038926880985319,0.0010942075107729,0.0071670467463956,0.0512352298419249,-0.6398253556790986,0.6386672575373423,0.0929073736654343,0.0010942075107729,0.0071670467463956,0.0048407239110334,0.0038926880985319,0.5163
0.0047876622020884,-0.0041032571159524,0.0070266012199896,0.0019924517608599,0.5283819544659831,-0.370957349908998,-0.4021791555743905,-0.5008717631274316,0.0070266012199896,0.0019924517608599,0.0047876622020884,-0.0041032571159524,-0.4021791555743905,-0.5008717631274316,0.5283819544659831,-0.370957349908998,0.5283819544659831,-0.370957349908998,-0.4021791555743905,-0.5008717631274316,0.0047876622020884,-0.0041032571159524,0.0070266012199896,0.0019924517608599,-0.4021791555743905,-0.5008717631274316,0.5283819544659831,-0.370957349908998,0.0070266012199896,0.0019924517608599,0.0047876622020884,-0.0041032571159524,0.5164
-0.0025172989429541,-0.0073669384743486,0.0047827185587354,-0.0055953234533331,0.1299107857999844,-0.6326157267319081,-0.6364656080805728,-0.0884698064382597,0.0047827185587354,-0.0055953234533331,-0.0025172989429541,-0.0073669384743486,-0.6364656080805728,-0.0884698064382597,0.1299107857999844,-0.6326157267319081,0.1299107857999844,-0.6326157267319081,-0.6364656080805728,-0.0884698064382597,-0.0025172989429541,-0.0073669384743486,0.0047827185587354,-0.0055953234533331,-0.6364656080805728,-0.0884698064382597,0.1299107857999844,-0.6326157267319081,0.0047827185587354,-0.0055953234533331,-0.0025172989429541,-0.0073669384743486,0.5165
-0.0085222442824327,-0.0020825345302481,-0.0030939258401272,-0.006718001190045,-0.3394876617990371,-0.5497199755817107,-0.523994011961735,0.3720556466898485,-0.0030939258401272,-0.006718001190045,-0.0085222442824327,-0.0020825345302481,-0.523994011961735,0.3720556466898485,-0.3394876617990371,-0.5497199755817107,-0.3394876617990371,-0.5497199755817107,-0.523994011961735,0.3720556466898485,-0.0085222442824327,-0.0020825345302481,-0.0030939258401272,-0.006718001190045,-0.523994011961735,0.3720556466898485,-0.3394876617990371,-0.5497199755817107,-0.0030939258401272,-0.006718001190045,-0.0085222442824327,-0.0020825345302481,0.5166
-0.0062221126144155,0.0055586134831198,-0.0074105820487684,1.76468168540966e-05,-0.6243896573251351,-0.1674878380235691,-0.1267501801736125,0.6301086118751051,-0.0074105820487684,1.76468168540966e-05,-0.0062221126144155,0.0055586134831198,-0.1267501801736125,0.6301086118751051,-0.6243896573251351,-0.1674878380235691,-0.6243896573251351,-0.1674878380235691,-0.1267501801736125,0.6301086118751051,-0.0062221126144155,0.0055586134831198,-0.0074105820487684,1.76468168540966e-05,-0.1267501801736125,0.6301086118751051,-0.6243896573251351,-0.1674878380235691,-0.0074105820487684,1.76468168540966e-05,-0.0062221126144155,0.0055586134831198,0.5166999999999999
0.0016493032311083,0.0066276832948577,-0.0030485237820823,0.006773801455418,-0.5697855746754228,0.3062727968817514,0.3392705210606385,0.5462265368980985,-0.0030485237820823,0.006773801455418,0.0016493032311083,0.0066276832948577,0.3392705210606385,0.5462265368980985,-0.5697855746754228,0.3062727968817514,-0.5697855746754228,0.3062727968817514,0.3392705210606385,0.5462265368980985,0.0016493032311083,0.0066276832948577,-0.0030485237820823,0.006773801455418,0.3392705210606385,0.5462265368980985,-0.5697855746754228,0.3062727968817514,-0.0030485237820823,0.006773801455418,0.0016493032311083,0.0066276832948577,0.5167999999999999
0.005840367354834,-7.044715320627652e-05,0.0049449487478072,0.0055950383832629,-0.2051358921530603,0.6139422384692923,0.6217766712638524,0.1660293092614764,0.0049449487478072,0.0055950383832629,0.005840367354834,-7.044715320627652e-05,0.6217766712638524,0.1660293092614764,-0.2051358921530603,0.6139422384692923,-0.2051358921530603,0.6139422384692923,0.6217766712638524,0.1660293092614764,0.005840367354834,-7.044715320627652e-05,0.0049449487478072,0.0055950383832629,0.6217766712638524,0.1660293092614764,-0.2051358921530603,0.6139422384692923,0.0049449487478072,0.0055950383832629,0.005840367354834,-7.044715320627652e-05,0.5168999999999999
0.0014594609061559,-0.0066048815717689,0.007187626879124,-0.0022016817097733,0.2714386517427316,0.5880560489861004,0.5675106239438037,-0.3050044596323071,0.007187626879124,-0.0022016817097733,0.0014594609061559,-0.0066048815717689,0.5675106239438037,-0.3050044596323071,0.2714386517427316,0.5880560489861004,0.2714386517427316,0.5880560489861004,0.5675106239438037,-0.3050044596323071,0.0014594609061559,-0.0066048815717689,0.007187626879124,-0.0022016817097733,0.5675106239438037,-0.3050044596323071,0.2714386517427316,0.5880560489861004,0.007187626879124,-0.0022016817097733,0.0014594609061559,-0.0066048815717689,0.5169999999999999
-0.0062765157692569,-0.0052709987291302,0.0009959668370392,-0.0074861746597424,0.600859301187136,0.242581353506356,0.204988161135577,-0.6115309417100767,0.0009959668370392,-0.0074861746597424,-0.0062765157692569,-0.0052709987291302,0.204988161135577,-0.6115309417100767,0.600859301187136,0.242581353506356,0.600859301187136,0.242581353506356,0.204988161135577,-0.6115309417100767,-0.0062765157692569,-0.0052709987291302,0.0009959668370392,-0.0074861746597424,0.204988161135577,-0.6115309417100767,0.600859301187136,0.242581353506356,0.0009959668370392,-0.0074861746597424,-0.0062765157692569,-0.0052709987291302,0.5171
-0.0082200855317314,0.0023315464804176,-0.0063967527826914,-0.0040275864815882,0.6042196078417582,-0.2347512433150236,-0.2695152494528557,-0.5864985982036147,-0.0063967527826914,-0.0040275864815882,-0.0082200855317314,0.0023315464804176,-0.2695152494528557,-0.5864985982036147,0.6042196078417582,-0.2347512433150236,0.6042196078417582,-0.2347512433150236,-0.2695152494528557,-0.5864985982036147,-0.0082200855317314,0.0023315464804176,-0.0063967527826914,-0.0040275864815882,-0.2695152494528557,-0.5864985982036147,0.6042196078417582,-0.2347512433150236,-0.0063967527826914,-0.0040275864815882,-0.0082200855317314,0.0023315464804176,0.5172
-0.0020926406942994,0.0072271467836457,-0.0063118913575916,0.004149724560414,0.2799102466720483,-0.5849159729454221,-0.5981261086769032,-0.2432017468651327,-0.0063118913575916,0.004149724560414,-0.0020926406942994,0.0072271467836457,-0.5981261086769032,-0.2432017468651327,0.2799102466720483,-0.5849159729454221,0.2799102466720483,-0.5849159729454221,-0.5981261086769032,-0.2432017468651327,-0.0020926406942994,0.0072271467836457,-0.0063118913575916,0.004149724560414,-0.5981261086769032,-0.2432017468651327,0.2799102466720483,-0.5849159729454221,-0.0063118913575916,0.004149724560414,-0.0020926406942994,0.0072271467836457,0.5173
0.0048789840492936,0.0036849884202113,0.0011733354710318,0.0074702122965046,-0.1961308679924091,-0.618331243890401,-0.60271806011425,0.2317266498447718,0.0011733354710318,0.0074702122965046,0.0048789840492936,0.0036849884202113,-0.60271806011425,0.2317266498447718,-0.1961308679924091,-0.618331243890401,-0.1961308679924091,-0.618331243890401,-0.60271806011425,0.2317266498447718,0.0048789840492936,0.0036849884202113,0.0011733354710318,0.0074702122965046,-0.60271806011425,0.2317266498447718,-0.1961308679924091,-0.618331243890401,0.0011733354710318,0.0074702122965046,0.0048789840492936,0.0036849884202113,0.5174
0.004551425070368,-0.0040750807934529,0.0073098830360058,0.0020381239772182,-0.5662625284309022,-0.3171079968279056,-0.2816218008918671,0.5811771355749895,0.0073098830360058,0.0020381239772182,0.004551425070368,-0.0040750807934529,-0.2816218008918671,0.5811771355749895,-0.5662625284309022,-0.3171079968279056,-0.5662625284309022,-0.3171079968279056,-0.2816218008918671,0.5811771355749895,0.004551425070368,-0.0040750807934529,0.0073098830360058,0.0020381239772182,-0.2816218008918671,0.5811771355749895,-0.5662625284309022,-0.3171079968279056,0.0073098830360058,0.0020381239772182,0.004551425070368,-0.0040750807934529,0.5175
-0.0025728419585758,-0.0069628477931919,0.004925438144292,-0.0058070620359007,-0.6304145453832705,0.1558746422131419,0.1914029664059045,0.6171277324640445,0.004925438144292,-0.0058070620359007,-0.0025728419585758,-0.0069628477931919,0.1914029664059045,0.6171277324640445,-0.6304145453832705,0.1558746422131419,-0.6304145453832705,0.1558746422131419,0.1914029664059045,0.6171277324640445,-0.0025728419585758,-0.0069628477931919,0.004925438144292,-0.0058070620359007,0.1914029664059045,0.6171277324640445,-0.6304145453832705,0.1558746422131419,0.004925438144292,-0.0058070620359007,-0.0025728419585758,-0.0069628477931919,0.5176
-0.0080775430256194,-0.0017286543168891,-0.0032028614715689,-0.0069129481133362,-0.3537917439116173,0.545092292578983,0.5617853203593147,0.320388411135116,-0.0032028614715689,-0.0069129481133362,-0.0080775430256194,-0.0017286543168891,0.5617853203593147,0.320388411135116,-0.3537917439116173,0.545092292578983,-0.3537917439116173,0.545092292578983,0.5617853203593147,0.320388411135116,-0.0080775430256194,-0.0017286543168891,-0.0032028614715689,-0.0069129481133362,0.5617853203593147,0.320388411135116,-0.3537917439116173,0.545092292578983,-0.0032028614715689,-0.0069129481133362,-0.0080775430256194,-0.0017286543168891,0.5176999999999999
-0.0055992635916938,0.0053627052538317,-0.0076061108299081,1.4695015595106868e-05,0.1143908719716604,0.6401394434735656,0.6299095395815577,-0.1498384054091623,-0.0076061108299081,1.4695015595106868e-05,-0.0055992635916938,0.0053627052538317,0.6299095395815577,-0.1498384054091623,0.1143908719716604,0.6401394434735656,0.1143908719716604,0.6401394434735656,0.6299095395815577,-0.1498384054091623,-0.0055992635916938,0.0053627052538317,-0.0076061108299081,1.4695015595106868e-05,0.6299095395815577,-0.1498384054091623,0.1143908719716604,0.6401394434735656,-0.0076061108299081,1.4695015595106868e-05,-0.0055992635916938,0.0053627052538317,0.5177999999999999
0.001819613988866,0.0060179602785063,-0.0031505118362699,0.0069193494434657,0.521255835548016,0.3894117801509529,0.358086755201627,-0.5403067367960991,-0.0031505118362699,0.0069193494434657,0.001819613988866,0.0060179602785063,0.358086755201627,-0.5403067367960991,0.521255835548016,0.3894117801509529,0.521255835548016,0.3894117801509529,0.358086755201627,-0.5403067367960991,0.001819613988866,0.0060179602785063,-0.0031505118362699,0.0069193494434657,0.358086755201627,-0.5403067367960991,0.521255835548016,0.3894117801509529,-0.0031505118362699,0.0069193494434657,0.001819613988866,0.0060179602785063,0.5178999999999999
0.0054655984055585,-0.0004254256380515,0.0049983005002739,0.0057623772372455,0.6469632454696029,-0.0717429073192212,-0.1076011016761764,-0.6396816338781106,0.0049983005002739,0.0057623772372455,0.0054655984055585,-0.0004254256380515,-0.1076011016761764,-0.6396816338781106,0.6469632454696029,-0.0717429073192212,0.6469632454696029,-0.0717429073192212,-0.1076011016761764,-0.6396816338781106,0.0054655984055585,-0.0004254256380515,0.0049983005002739,0.0057623772372455,-0.1076011016761764,-0.6396816338781106,0.6469632454696029,-0.0717429073192212,0.0049983005002739,0.0057623772372455,0.0054655984055585,-0.0004254256380515,0.518
0.0011540067709993,-0.0063999464026325,0.0073676884730288,-0.0021375112017856,0.4237810948114485,-0.4943461310117211,-0.5155313690061972,-0.3940237355105941,0.0073676884730288,-0.0021375112017856,0.0011540067709993,-0.0063999464026325,-0.5155313690061972,-0.3940237355105941,0.4237810948114485,-0.4943461310117211,0.4237810948114485,-0.4943461310117211,-0.5155313690061972,-0.3940237355105941,0.0011540067709993,-0.0063999464026325,0.0073676884730288,-0.0021375112017856,-0.5155313690061972,-0.3940237355105941,0.4237810948114485,-0.4943461310117211,0.0073676884730288,-0.0021375112017856,0.0011540067709993,-0.0063999464026325,0.5181
-0.006039415619297,-0.0050110654068402,0.0011742674935155,-0.0076143612231518,-0.0276833342723337,-0.6507322285736681,-0.6457871476976887,0.0636872671632694,0.0011742674935155,-0.0076143612231518,-0.006039415619297,-0.0050110654068402,-0.6457871476976887,0.0636872671632694,-0.0276833342723337,-0.6507322285736681,-0.0276833342723337,-0.6507322285736681,-0.6457871476976887,0.0636872671632694,-0.006039415619297,-0.0050110654068402,0.0011742674935155,-0.0076143612231518,-0.6457871476976887,0.0636872671632694,-0.0276833342723337,-0.6507322285736681,0.0011742674935155,-0.0076143612231518,-0.006039415619297,-0.0050110654068402,0.5182
-0.0078059503444114,0.0020400973960371,-0.0064153084086017,-0.0042796549315876,-0.4643669201892678,-0.4570871398530517,-0.4290910640339647,0.486971489722072,-0.0064153084086017,-0.0042796549315876,-0.0078059503444114,0.0020400973960371,-0.4290910640339647,0.486971489722072,-0.4643669201892678,-0.4570871398530517,-0.4643669201892678,-0.4570871398530517,-0.4290910640339647,0.486971489722072,-0.0078059503444114,0.0020400973960371,-0.0064153084086017,-0.0042796549315876,-0.4290910640339647,0.486971489722072,-0.4643669201892678,-0.4570871398530517,-0.0064153084086017,-0.0042796549315876,-0.0078059503444114,0.0020400973960371,0.5183
-0.0022144492150553,0.006571216758102,-0.0065697947035301,0.0040321976959847,-0.6517348621815755,-0.0176186683045255,0.0177945022121638,0.6491684335714213,-0.0065697947035301,0.0040321976959847,-0.0022144492150553,0.006571216758102,0.0177945022121638,0.6491684335714213,-0.6517348621815755,-0.0176186683045255,-0.6517348621815755,-0.0176186683045255,0.0177945022121638,0.6491684335714213,-0.0022144492150553,0.006571216758102,-0.0065697947035301,0.0040321976959847,0.0177945022121638,0.6491684335714213,-0.6517348621815755,-0.0176186683045255,-0.0065697947035301,0.0040321976959847,-0.0022144492150553,0.006571216758102,0.5184
0.0041761776077093,0.0034303077792699,0.000934306553338,0.0076649872272966,-0.4891140250094156,0.4318244570085731,0.4557436697549283,0.4635218557444781,0.000934306553338,0.0076649872272966,0.0041761776077093,0.0034303077792699,0.4557436697549283,0.4635218557444781,-0.4891140250094156,0.4318244570085731,-0.4891140250094156,0.4318244570085731,0.4557436697549283,0.4635218557444781,0.0041761776077093,0.0034303077792699,0.000934306553338,0.0076649872272966,0.4557436697549283,0.4635218557444781,-0.4891140250094156,0.4318244570085731,0.000934306553338,0.0076649872272966,0.0041761776077093,0.0034303077792699,0.5185
0.0039869401618188,-0.003623117305415,0.00739327429833,0.0023559894446514,-0.0634472459570899,0.6498815743030408,0.6501668632552825,0.0287879865584162,0.00739327429833,0.0023559894446514,0.0039869401618188,-0.003623117305415,0.6501668632552825,0.0287879865584162,-0.0634472459570899,0.6498815743030408,-0.0634472459570899,0.6498815743030408,0.6501668632552825,0.0287879865584162,0.0039869401618188,-0.003623117305415,0.00739327429833,0.0023559894446514,0.6501668632552825,0.0287879865584162,-0.0634472459570899,0.6498815743030408,0.00739327429833,0.0023559894446514,0.0039869401618188,-0.003623117305415,0.5186
-0.0024684866631491,-0.0063645944678402,0.0052684974188051,-0.005753731235707,0.3968719004004312,0.5190708345540808,0.4959873990512379,-0.422422731043642,0.0052684974188051,-0.005753731235707,-0.0024684866631491,-0.0063645944678402,0.4959873990512379,-0.422422731043642,0.3968719004004312,0.5190708345540808,0.3968719004004312,0.5190708345540808,0.4959873990512379,-0.422422731043642,-0.0024684866631491,-0.0063645944678402,0.0052684974188051,-0.005753731235707,0.4959873990512379,-0.422422731043642,0.3968719004004312,0.5190708345540808,0.0052684974188051,-0.005753731235707,-0.0024684866631491,-0.0063645944678402,0.5186999999999999
-0.0076320851655661,-0.0016496378402872,-0.0030065936567639,-0.0072204519886211,0.6444850193998701,0.1094244973835241,0.0752626532200079,-0.6475979936985757,-0.0030065936567639,-0.0072204519886211,-0.0076320851655661,-0.0016496378402872,0.0752626532200079,-0.6475979936985757,0.6444850193998701,0.1094244973835241,0.6444850193998701,0.1094244973835241,0.0752626532200079,-0.6475979936985757,-0.0076320851655661,-0.0016496378402872,-0.0030065936567639,-0.0072204519886211,0.0752626532200079,-0.6475979936985757,0.6444850193998701,0.1094244973835241,-0.0030065936567639,-0.0072204519886211,-0.0076320851655661,-0.0016496378402872,0.5187999999999999
-0.0055145813146335,0.005000961764799,-0.0078112802731729,-0.0003038524379509,0.5464992625549322,-0.359033140591465,-0.3860845591115591,-0.5256110100372797,-0.0078112802731729,-0.0003038524379509,-0.0055145813146335,0.005000961764799,-0.3860845591115591,-0.5256110100372797,0.5464992625549322,-0.359033140591465,0.5464992625549322,-0.359033140591465,-0.3860845591115591,-0.5256110100372797,-0.0055145813146335,0.005000961764799,-0.0078112802731729,-0.0003038524379509,-0.3860845591115591,-0.5256110100372797,0.5464992625549322,-0.359033140591465,-0.0078112802731729,-0.0003038524379509,-0.0055145813146335,0.005000961764799,0.5188999999999999
0.0013859437941828,0.0058772046247017,-0.0035337391459386,0.0069662782462503,0.1558517028426247,-0.6351852121210834,-0.6406914416888678,-0.1223239615737827,-0.0035337391459386,0.0069662782462503,0.0013859437941828,0.0058772046247017,-0.6406914416888678,-0.1223239615737827,0.1558517028426247,-0.6351852121210834,0.1558517028426247,-0.6351852121210834,-0.6406914416888678,-0.1223239615737827,0.0013859437941828,0.0058772046247017,-0.0035337391459386,0.0069662782462503,-0.6406914416888678,-0.1223239615737827,0.1558517028426247,-0.6351852121210834,-0.0035337391459386,0.0069662782462503,0.0013859437941828,0.0058772046247017,0.5189999999999999
0.0050674962953326,3.303570765819801e-05,0.0048680475023795,0.0061250536358987,-0.3181413123286724,-0.5716872557672261,-0.5530206206596844,0.346170274678277,0.0048680475023795,0.0061250536358987,0.0050674962953326,3.303570765819801e-05,-0.5530206206596844,0.346170274678277,-0.3181413123286724,-0.5716872557672261,-0.3181413123286724,-0.5716872557672261,-0.5530206206596844,0.346170274678277,0.0050674962953326,3.303570765819801e-05,0.0048680475023795,0.0061250536358987,-0.5530206206596844,0.346170274678277,-0.3181413123286724,-0.5716872557672261,0.0048680475023795,0.0061250536358987,0.0050674962953326,3.303570765819801e-05,0.5191
0.0013598145160013,-0.005704116171948,0.0076253041984645,-0.0018595191303436,-0.622441010756547,-0.2027590120372454,-0.1703677147059211,0.6302021019474068,0.0076253041984645,-0.0018595191303436,0.0013598145160013,-0.005704116171948,-0.1703677147059211,0.6302021019474068,-0.622441010756547,-0.2027590120372454,-0.622441010756547,-0.2027590120372454,-0.1703677147059211,0.6302021019474068,0.0013598145160013,-0.005704116171948,0.0076253041984645,-0.0018595191303436,-0.1703677147059211,0.6302021019474068,-0.622441010756547,-0.2027590120372454,0.0076253041984645,-0.0018595191303436,0.0013598145160013,-0.005704116171948,0.5192
-0.0053111684526333,-0.0047542230853917,0.0015332267055646,-0.0077093348827436,-0.5947053428624517,0.2749117718951204,0.3036596951061024,0.5786249707476434,0.0015332267055646,-0.0077093348827436,-0.0053111684526333,-0.0047542230853917,0.3036596951061024,0.5786249707476434,-0.5947053428624517,0.2749117718951204,-0.5947053428624517,0.2749117718951204,0.3036596951061024,0.5786249707476434,-0.0053111684526333,-0.0047542230853917,0.0015332267055646,-0.0077093348827436,0.3036596951061024,0.5786249707476434,-0.5947053428624517,0.2749117718951204,0.0015332267055646,-0.0077093348827436,-0.0053111684526333,-0.0047542230853917,0.5193
-0.0072004532800934,0.0016178422934653,-0.0063281439650773,-0.004635761660768,-0.2492485488159223,0.6065489533224074,0.6167428982634697,0.218254162077218,-0.0063281439650773,-0.004635761660768,-0.0072004532800934,0.0016178422934653,0.6167428982634697,0.218254162077218,-0.2492485488159223,0.6065489533224074,-0.2492485488159223,0.6065489533224074,0.6167428982634697,0.218254162077218,-0.0072004532800934,0.0016178422934653,-0.0063281439650773,-0.004635761660768,0.6167428982634697,0.218254162077218,-0.2492485488159223,0.6065489533224074,-0.0063281439650773,-0.004635761660768,-0.0072004532800934,0.0016178422934653,0.5194
-0.0022498666595088,0.0059345640831429,-0.0068399021915158,0.003781806348254,0.2299384236266627,0.6146643555554294,0.6013143366431727,-0.2594487183746149,-0.0068399021915158,0.003781806348254,-0.0022498666595088,0.0059345640831429,0.6013143366431727,-0.2594487183746149,0.2299384236266627,0.6146643555554294,0.2299384236266627,0.6146643555554294,0.6013143366431727,-0.2594487183746149,-0.0022498666595088,0.0059345640831429,-0.0068399021915158,0.003781806348254,0.6013143366431727,-0.2594487183746149,0.2299384236266627,0.6146643555554294,-0.0068399021915158,0.003781806348254,-0.0022498666595088,0.0059345640831429,0.5195
0.0036835110146376,0.0032642528043145,0.0005737577468773,0.007780829565841,0.5868155210909917,0.2945244016587088,0.2648970194528602,-0.5994268271288498,0.0005737577468773,0.007780829565841,0.0036835110146376,0.0032642528043145,0.2648970194528602,-0.5994268271288498,0.5868155210909917,0.2945244016587088,0.5868155210909917,0.2945244016587088,0.2648970194528602,-0.5994268271288498,0.0036835110146376,0.0032642528043145,0.0005737577468773,0.007780829565841,0.2648970194528602,-0.5994268271288498,0.5868155210909917,0.2945244016587088,0.0005737577468773,0.007780829565841,0.0036835110146376,0.0032642528043145,0.5196
0.0037609576247862,-0.0031869919190219,0.0073134404662529,0.0027469521537186,0.630772812006635,-0.1827828466317256,-0.2129399159420189,-0.6200241919232935,0.0073134404662529,0.0027469521537186,0.0037609576247862,-0.0031869919190219,-0.2129399159420189,-0.6200241919232935,0.630772812006635,-0.1827828466317256,0.630772812006635,-0.1827828466317256,-0.2129399159420189,-0.6200241919232935,0.0037609576247862,-0.0031869919190219,0.0073134404662529,0.0027469521537186,-0.2129399159420189,-0.6200241919232935,0.630772812006635,-0.1827828466317256,0.0073134404662529,0.0027469521537186,0.0037609576247862,-0.0031869919190219,0.5196999999999999
-0.001987960015924,-0.0059746531145412,0.0055938407394113,-0.0054740358161519,0.3388810113364859,-0.5626398890001489,-0.5774100388511976,-0.3107127649069549,0.0055938407394113,-0.0054740358161519,-0.001987960015924,-0.0059746531145412,-0.5774100388511976,-0.3107127649069549,0.3388810113364859,-0.5626398890001489,0.3388810113364859,-0.5626398890001489,-0.5774100388511976,-0.3107127649069549,-0.001987960015924,-0.0059746531145412,0.0055938407394113,-0.0054740358161519,-0.5774100388511976,-0.3107127649069549,0.3388810113364859,-0.5626398890001489,0.0055938407394113,-0.0054740358161519,-0.001987960015924,-0.0059746531145412,0.5197999999999999
-0.0069064504393531,-0.0020250749903749,-0.0025696422532774,-0.0073838019940424,-0.1330779151416459,-0.6433939100922546,-0.6352086500925019,0.163566801133273,-0.0025696422532774,-0.0073838019940424,-0.0069064504393531,-0.0020250749903749,-0.6352086500925019,0.163566801133273,-0.1330779151416459,-0.6433939100922546,-0.1330779151416459,-0.6433939100922546,-0.6352086500925019,0.163566801133273,-0.0069064504393531,-0.0020250749903749,-0.0025696422532774,-0.0073838019940424,-0.6352086500925019,0.163566801133273,-0.1330779151416459,-0.6433939100922546,-0.0025696422532774,-0.0073838019940424,-0.0069064504393531,-0.0020250749903749,0.5198999999999999
-0.0054729292691852,0.0040144087947874,-0.0077420609355493,-0.000806561514704,-0.5346286927514398,-0.3825847480902213,-0.3561156488558009,0.5513710583109335,-0.0077420609355493,-0.000806561514704,-0.0054729292691852,0.0040144087947874,-0.3561156488558009,0.5513710583109335,-0.5346286927514398,-0.3825847480902213,-0.5346286927514398,-0.3825847480902213,-0.3561156488558009,0.5513710583109335,-0.0054729292691852,0.0040144087947874,-0.0077420609355493,-0.000806561514704,-0.3561156488558009,0.5513710583109335,-0.5346286927514398,-0.3825847480902213,-0.0077420609355493,-0.000806561514704,-0.0054729292691852,0.0040144087947874,0.52
0.0004913170305836,0.0052793911867908,-0.0039801590694855,0.0066484147005181,-0.6529195418483901,0.0816899449611141,0.112260482971595,0.6473571381006301,-0.0039801590694855,0.0066484147005181,0.0004913170305836,0.0052793911867908,0.112260482971595,0.6473571381006301,-0.6529195418483901,0.0816899449611141,-0.6529195418483901,0.0816899449611141,0.112260482971595,0.6473571381006301,0.0004913170305836,0.0052793911867908,-0.0039801590694855,0.0066484147005181,0.112260482971595,0.6473571381006301,-0.6529195418483901,0.0816899449611141,-0.0039801590694855,0.0066484147005181,0.0004913170305836,0.0052793911867908,0.5201
0.0041117716443575,0.0005034087661948,0.0043497969616597,0.0063995813469136,-0.4246720110357926,0.5034712747631922,0.5220538677182571,0.4000792266376222,0.0043497969616597,0.0063995813469136,0.0041117716443575,0.0005034087661948,0.5220538677182571,0.4000792266376222,-0.4246720110357926,0.5034712747631922,-0.4246720110357926,0.5034712747631922,0.5220538677182571,0.4000792266376222,0.0041117716443575,0.0005034087661948,0.0043497969616597,0.0063995813469136,0.5220538677182571,0.4000792266376222,-0.4246720110357926,0.5034712747631922,0.0043497969616597,0.0063995813469136,0.0041117716443575,0.0005034087661948,0.5202
0.0013619936111119,-0.0047283371731557,0.0076504489051548,-0.0012357502318656,0.0296062829296411,0.6585323006651312,0.6555954411476139,-0.0600270595251724,0.0076504489051548,-0.0012357502318656,0.0013619936111119,-0.0047283371731557,0.6555954411476139,-0.0600270595251724,0.0296062829296411,0.6585323006651312,0.0296062829296411,0.6585323006651312,0.6555954411476139,-0.0600270595251724,0.0013619936111119,-0.0047283371731557,0.0076504489051548,-0.0012357502318656,0.6555954411476139,-0.0600270595251724,0.0296062829296411,0.6585323006651312,0.0076504489051548,-0.0012357502318656,0.0013619936111119,-0.0047283371731557,0.5203
-0.0044855093805192,-0.0044671676952977,0.0021470517301102,-0.0074547752152333,0.4686657171560661,0.4640355271151313,0.4415132635021354,-0.4889156139607656,0.0021470517301102,-0.0074547752152333,-0.0044855093805192,-0.0044671676952977,0.4415132635021354,-0.4889156139607656,0.4686657171560661,0.4640355271151313,0.4686657171560661,0.4640355271151313,0.4415132635021354,-0.4889156139607656,-0.0044855093805192,-0.0044671676952977,0.0021470517301102,-0.0074547752152333,0.4415132635021354,-0.4889156139607656,0.4686657171560661,0.4640355271151313,0.0021470517301102,-0.0074547752152333,-0.0044855093805192,-0.0044671676952977,0.5204
-0.0067391034934239,0.0008923981623544,-0.0058093392288409,-0.0051182950934332,0.6592500041025515,0.0233765226505592,-0.0066462988373228,-0.659002845140599,-0.0058093392288409,-0.0051182950934332,-0.0067391034934239,0.0008923981623544,-0.0066462988373228,-0.659002845140599,0.6592500041025515,0.0233765226505592,0.6592500041025515,0.0233765226505592,-0.0066462988373228,-0.659002845140599,-0.0067391034934239,0.0008923981623544,-0.0058093392288409,-0.0051182950934332,-0.0066462988373228,-0.659002845140599,0.6592500041025515,0.0233765226505592,-0.0058093392288409,-0.0051182950934332,-0.0067391034934239,0.0008923981623544,0.5205
-0.0029047349171421,0.0052124339947036,-0.0070759540234355,0.0030659034800629,0.5007764229933965,-0.4295059454823564,-0.4513693186058233,-0.4805112229353199,-0.0070759540234355,0.0030659034800629,-0.0029047349171421,0.0052124339947036,-0.4513693186058233,-0.4805112229353199,0.5007764229933965,-0.4295059454823564,0.5007764229933965,-0.4295059454823564,-0.4513693186058233,-0.4805112229353199,-0.0029047349171421,0.0052124339947036,-0.0070759540234355,0.0030659034800629,-0.4513693186058233,-0.4805112229353199,0.5007764229933965,-0.4295059454823564,-0.0070759540234355,0.0030659034800629,-0.0029047349171421,0.0052124339947036,0.5206
0.0026023891784351,0.0036515154458224,-0.0002164392507733,0.0076884384975938,0.0777362603192641,-0.6553203876556478,-0.6578040045263696,-0.0481727334015547,-0.0002164392507733,0.0076884384975938,0.0026023891784351,0.0036515154458224,-0.6578040045263696,-0.0481727334015547,0.0777362603192641,-0.6553203876556478,0.0777362603192641,-0.6553203876556478,-0.6578040045263696,-0.0481727334015547,0.0026023891784351,0.0036515154458224,-0.0002164392507733,0.0076884384975938,-0.6578040045263696,-0.0481727334015547,0.0777362603192641,-0.6553203876556478,-0.0002164392507733,0.0076884384975938,0.0026023891784351,0.0036515154458224,0.5206999999999999
0.003578874154445,-0.0019144266503646,0.006877413863273,0.0034531258668297,-0.3865221199381334,-0.535367414736286,-0.5172902763686672,0.4099202106391513,0.006877413863273,0.0034531258668297,0.003578874154445,-0.0019144266503646,-0.5172902763686672,0.4099202106391513,-0.3865221199381334,-0.535367414736286,-0.3865221199381334,-0.535367414736286,-0.5172902763686672,0.4099202106391513,0.003578874154445,-0.0019144266503646,0.006877413863273,0.0034531258668297,-0.5172902763686672,0.4099202106391513,-0.3865221199381334,-0.535367414736286,0.006877413863273,0.0034531258668297,0.003578874154445,-0.0019144266503646,0.5207999999999999
-0.0009453730201334,-0.0051512189486559,0.0060646250184485,-0.0047589994621038,-0.6474684100735989,-0.1327340906572635,-0.1037076942367963,0.6524084534455147,0.0060646250184485,-0.0047589994621038,-0.0009453730201334,-0.0051512189486559,-0.1037076942367963,0.6524084534455147,-0.6474684100735989,-0.1327340906572635,-0.6474684100735989,-0.1327340906572635,-0.1037076942367963,0.6524084534455147,-0.0009453730201334,-0.0051512189486559,0.0060646250184485,-0.0047589994621038,-0.1037076942367963,0.6524084534455147,-0.6474684100735989,-0.1327340906572635,0.0060646250184485,-0.0047589994621038,-0.0009453730201334,-0.0051512189486559,0.5208999999999999
-0.0057336931003353,-0.0024971293003546,-0.0017035147632448,-0.0075143572275717,-0.567104245672338,0.3408131721261807,0.3653049110576909,0.551152959097583,-0.0017035147632448,-0.0075143572275717,-0.0057336931003353,-0.0024971293003546,0.3653049110576909,0.551152959097583,-0.567104245672338,0.3408131721261807,-0.567104245672338,0.3408131721261807,0.3653049110576909,0.551152959097583,-0.0057336931003353,-0.0024971293003546,-0.0017035147632448,-0.0075143572275717,0.3653049110576909,0.551152959097583,-0.567104245672338,0.3408131721261807,-0.0017035147632448,-0.0075143572275717,-0.0057336931003353,-0.0024971293003546,0.5209999999999999
-0.0053828175789607,0.0028927790800119,-0.0074943569536161,-0.0016633614736076,-0.1869971172675071,0.6352820533348136,0.642408756752237,0.1589858626172259,-0.0074943569536161,-0.0016633614736076,-0.0053828175789607,0.0028927790800119,0.642408756752237,0.1589858626172259,-0.1869971172675071,0.6352820533348136,-0.1869971172675071,0.6352820533348136,0.642408756752237,0.1589858626172259,-0.0053828175789607,0.0028927790800119,-0.0074943569536161,-0.0016633614736076,0.642408756752237,0.1589858626172259,-0.1869971172675071,0.6352820533348136,-0.0074943569536161,-0.0016633614736076,-0.0053828175789607,0.0028927790800119,0.5211
-0.0004084173284682,0.0048591805092924,-0.0046651512507378,0.0060557094070348,0.2923602588307559,0.5946038107768818,0.5811545928835808,-0.3175169640128215,-0.0046651512507378,0.0060557094070348,-0.0004084173284682,0.0048591805092924,0.5811545928835808,-0.3175169640128215,0.2923602588307559,0.5946038107768818,0.2923602588307559,0.5946038107768818,0.5811545928835808,-0.3175169640128215,-0.0004084173284682,0.0048591805092924,-0.0046651512507378,0.0060557094070348,0.5811545928835808,-0.3175169640128215,0.2923602588307559,0.5946038107768818,-0.0046651512507378,0.0060557094070348,-0.0004084173284682,0.0048591805092924,0.5212
0.0034796668729548,0.0012403764303245,0.0035117608219109,0.0067760898763387,0.6176265866679688,0.2402802039617959,0.2137376487616338,-0.6271557187186653,0.0035117608219109,0.0067760898763387,0.0034796668729548,0.0012403764303245,0.2137376487616338,-0.6271557187186653,0.6176265866679688,0.2402802039617959,0.6176265866679688,0.2402802039617959,0.2137376487616338,-0.6271557187186653,0.0034796668729548,0.0012403764303245,0.0035117608219109,0.0067760898763387,0.2137376487616338,-0.6271557187186653,0.6176265866679688,0.2402802039617959,0.0035117608219109,0.0067760898763387,0.0034796668729548,0.0012403764303245,0.5213
0.0019211309083969,-0.0037989888772008,0.0076329448472263,-0.0003046310402756,0.6176391080181771,-0.2403591378094369,-0.2662952734862971,-0.6070380102951392,0.0076329448472263,-0.0003046310402756,0.0019211309083969,-0.0037989888772008,-0.2662952734862971,-0.6070380102951392,0.6176391080181771,-0.2403591378094369,0.6176391080181771,-0.2403591378094369,-0.2662952734862971,-0.6070380102951392,0.0019211309083969,-0.0037989888772008,0.0076329448472263,-0.0003046310402756,-0.2662952734862971,-0.6070380102951392,0.6176391080181771,-0.2403591378094369,0.0076329448472263,-0.0003046310402756,0.0019211309083969,-0.0037989888772008,0.5214
-0.0032418639042106,-0.0045988045350252,0.002989323251591,-0.007029192920432,0.2932107956803886,-0.5945459720034726,-0.606672535322595,-0.2679858849884802,0.002989323251591,-0.007029192920432,-0.0032418639042106,-0.0045988045350252,-0.606672535322595,-0.2679858849884802,0.2932107956803886,-0.5945459720034726,0.2932107956803886,-0.5945459720034726,-0.606672535322595,-0.2679858849884802,-0.0032418639042106,-0.0045988045350252,0.002989323251591,-0.007029192920432,-0.606672535322595,-0.2679858849884802,0.2932107956803886,-0.5945459720034726,0.002989323251591,-0.007029192920432,-0.0032418639042106,-0.0045988045350252,0.5215
-0.0061898951829589,-0.0003709337029108,-0.0050457653929818,-0.0056923433714235,-0.1851786859285565,-0.6369537529570376,-0.6288877914475751,0.2120136845684802,-0.0050457653929818,-0.0056923433714235,-0.0061898951829589,-0.0003709337029108,-0.6288877914475751,0.2120136845684802,-0.1851786859285565,-0.6369537529570376,-0.1851786859285565,-0.6369537529570376,-0.6288877914475751,0.2120136845684802,-0.0061898951829589,-0.0003709337029108,-0.0050457653929818,-0.0056923433714235,-0.6288877914475751,0.2120136845684802,-0.1851786859285565,-0.6369537529570376,-0.0050457653929818,-0.0056923433714235,-0.0061898951829589,-0.0003709337029108,0.5216
-0.0037246928533539,0.0040572897674905,-0.0072470358086488,0.0021160490149054,-0.567138484220624,-0.3452832677763418,-0.3211850598777184,0.5813592093950465,-0.0072470358086488,0.0021160490149054,-0.0037246928533539,0.0040572897674905,-0.3211850598777184,0.5813592093950465,-0.567138484220624,-0.3452832677763418,-0.567138484220624,-0.3452832677763418,-0.3211850598777184,0.5813592093950465,-0.0037246928533539,0.0040572897674905,-0.0072470358086488,0.0021160490149054,-0.3211850598777184,0.5813592093950465,-0.567138484220624,-0.3452832677763418,-0.0072470358086488,0.0021160490149054,-0.0037246928533539,0.0040572897674905,0.5216999999999999
0.0012469151472962,0.0037726926587263,-0.0011485325424348,0.0074074096206395,-0.6522188916396238,0.1282908269484149,0.1554218061394903,0.6463019501561501,-0.0011485325424348,0.0074074096206395,0.0012469151472962,0.0037726926587263,0.1554218061394903,0.6463019501561501,-0.6522188916396238,0.1282908269484149,-0.6522188916396238,0.1282908269484149,0.1554218061394903,0.6463019501561501,0.0012469151472962,0.0037726926587263,-0.0011485325424348,0.0074074096206395,0.1554218061394903,0.6463019501561501,-0.6522188916396238,0.1282908269484149,-0.0011485325424348,0.0074074096206395,0.0012469151472962,0.0037726926587263,0.5217999999999999
0.0031147328953667,-0.000762187031782,0.0061971398690044,0.0041631792678696,-0.3948772321713349,0.5354862357657784,0.5512005055962307,0.3724541998504079,0.0061971398690044,0.0041631792678696,0.0031147328953667,-0.000762187031782,0.5512005055962307,0.3724541998504079,-0.3948772321713349,0.5354862357657784,-0.3948772321713349,0.5354862357657784,0.5512005055962307,0.3724541998504079,0.0031147328953667,-0.000762187031782,0.0061971398690044,0.0041631792678696,0.5512005055962307,0.3724541998504079,-0.3948772321713349,0.5354862357657784,0.0061971398690044,0.0041631792678696,0.0031147328953667,-0.000762187031782,0.5218999999999999
-0.0001311438832608,-0.0043687742418638,0.0063964399940292,-0.0038162580530224,0.0701846139427121,0.6619973948153942,0.6586040867804961,-0.0968949973144631,0.0063964399940292,-0.0038162580530224,-0.0001311438832608,-0.0043687742418638,0.6586040867804961,-0.0968949973144631,0.0701846139427121,0.6619973948153942,0.0701846139427121,0.6619973948153942,0.6586040867804961,-0.0968949973144631,-0.0001311438832608,-0.0043687742418638,0.0063964399940292,-0.0038162580530224,0.6586040867804961,-0.0968949973144631,0.0701846139427121,0.6619973948153942,0.0063964399940292,-0.0038162580530224,-0.0001311438832608,-0.0043687742418638,0.522
-0.0047606045286762,-0.0030226294437519,-0.0006855684011522,-0.0073839161305526,0.4985595514799331,0.4413439651892875,0.4212758575524273,-0.5159596770927822,-0.0006855684011522,-0.0073839161305526,-0.0047606045286762,-0.0030226294437519,0.4212758575524273,-0.5159596770927822,0.4985595514799331,0.4413439651892875,0.4985595514799331,0.4413439651892875,0.4212758575524273,-0.5159596770927822,-0.0047606045286762,-0.0030226294437519,-0.0006855684011522,-0.0073839161305526,0.4212758575524273,-0.5159596770927822,0.4985595514799331,0.4413439651892875,-0.0006855684011522,-0.0073839161305526,-0.0047606045286762,-0.0030226294437519,0.5221
-0.0055798075557211,0.0017064103170317,-0.0068991794667748,-0.0025465078105032,0.6658134409009167,-0.0102043634481177,-0.0366111866243646,-0.6654795997830555,-0.0068991794667748,-0.0025465078105032,-0.0055798075557211,0.0017064103170317,-0.0366111866243646,-0.6654795997830555,0.6658134409009167,-0.0102043634481177,0.6658134409009167,-0.0102043634481177,-0.0366111866243646,-0.6654795997830555,-0.0055798075557211,0.0017064103170317,-0.0068991794667748,-0.0025465078105032,-0.0366111866243646,-0.6654795997830555,0.6658134409009167,-0.0102043634481177,-0.0068991794667748,-0.0025465078105032,-0.0055798075557211,0.0017064103170317,0.5222
-0.0017264627976644,0.0045189990469683,-0.0052095275464774,0.0050854569591972,0.4852395948523204,-0.4562523032774871,-0.475739799182123,-0.4673334931214407,-0.0052095275464774,0.0050854569591972,-0.0017264627976644,0.0045189990469683,-0.475739799182123,-0.4673334931214407,0.4852395948523204,-0.4562523032774871,0.4852395948523204,-0.4562523032774871,-0.475739799182123,-0.4673334931214407,-0.0017264627976644,0.0045189990469683,-0.0052095275464774,0.0050854569591972,-0.475739799182123,-0.4673334931214407,0.4852395948523204,-0.4562523032774871,-0.0052095275464774,0.0050854569591972,-0.0017264627976644,0.0045189990469683,0.5223
0.0024647078893071,0.0023413532178574,0.0023492460145867,0.0068289541778979,0.0514636205785314,-0.6644605546581559,-0.6668232329895252,-0.0249719293998893,0.0023492460145867,0.0068289541778979,0.0024647078893071,0.0023413532178574,-0.6668232329895252,-0.0249719293998893,0.0514636205785314,-0.6644605546581559,0.0514636205785314,-0.6644605546581559,-0.6668232329895252,-0.0249719293998893,0.0024647078893071,0.0023413532178574,0.0023492460145867,0.0068289541778979,-0.6668232329895252,-0.0249719293998893,0.0514636205785314,-0.6644605546581559,0.0023492460145867,0.0068289541778979,0.0024647078893071,0.0023413532178574,0.5224
0.0023746062062155,-0.0023141165627633,0.0071418970337451,0.0008058492024177,-0.4097683579002081,-0.5263962388395966,-0.5101226439511198,0.4308378568822844,0.0071418970337451,0.0008058492024177,0.0023746062062155,-0.0023141165627633,-0.5101226439511198,0.4308378568822844,-0.4097683579002081,-0.5263962388395966,-0.4097683579002081,-0.5263962388395966,-0.5101226439511198,0.4308378568822844,0.0023746062062155,-0.0023141165627633,0.0071418970337451,0.0008058492024177,-0.5101226439511198,0.4308378568822844,-0.4097683579002081,-0.5263962388395966,0.0071418970337451,0.0008058492024177,0.0023746062062155,-0.0023141165627633,0.5225
-0.0017763246853529,-0.0042514721809961,0.0038023662536516,-0.0060634832471646,-0.6581349341315272,-0.113320568194831,-0.0872571689006218,0.6624379257533395,0.0038023662536516,-0.0060634832471646,-0.0017763246853529,-0.0042514721809961,-0.0872571689006218,0.6624379257533395,-0.6581349341315272,-0.113320568194831,-0.6581349341315272,-0.113320568194831,-0.0872571689006218,0.6624379257533395,-0.0017763246853529,-0.0042514721809961,0.0038023662536516,-0.0060634832471646,-0.0872571689006218,0.6624379257533395,-0.6581349341315272,-0.113320568194831,0.0038023662536516,-0.0060634832471646,-0.0017763246853529,-0.0042514721809961,0.5226
-0.0052788261452814,-0.0014064427635645,-0.0037786222558512,-0.0060201152929189,-0.563359037136242,0.3598187962656825,0.3815279023360424,0.5490827044490015,-0.0037786222558512,-0.0060201152929189,-0.0052788261452814,-0.0014064427635645,0.3815279023360424,0.5490827044490015,-0.563359037136242,0.3598187962656825,-0.563359037136242,0.3598187962656825,0.3815279023360424,0.5490827044490015,-0.0052788261452814,-0.0014064427635645,-0.0037786222558512,-0.0060201152929189,0.3815279023360424,0.5490827044490015,-0.563359037136242,0.3598187962656825,-0.0037786222558512,-0.0060201152929189,-0.0052788261452814,-0.0014064427635645,0.5226999999999999
-0.0042524353126787,0.0029373476921342,-0.0069953971208354,0.0007851992689395,-0.1742921564473239,0.6457701396949848,0.6521526872731486,0.1496436184849667,-0.0069953971208354,0.0007851992689395,-0.0042524353126787,0.0029373476921342,0.6521526872731486,0.1496436184849667,-0.1742921564473239,0.6457701396949848,-0.1742921564473239,0.6457701396949848,0.6521526872731486,0.1496436184849667,-0.0042524353126787,0.0029373476921342,-0.0069953971208354,0.0007851992689395,0.6521526872731486,0.1496436184849667,-0.1742921564473239,0.6457701396949848,-0.0069953971208354,0.0007851992689395,-0.0042524353126787,0.0029373476921342,0.5227999999999999
7.588390888780495e-05,0.0039054640487698,-0.0022848981735461,0.0065915519904147,0.3058461459688677,0.595053381901362,0.5836531361473132,-0.3281602331211178,-0.0022848981735461,0.0065915519904147,7.588390888780495e-05,0.0039054640487698,0.5836531361473132,-0.3281602331211178,0.3058461459688677,0.595053381901362,0.3058461459688677,0.595053381901362,0.5836531361473132,-0.3281602331211178,7.588390888780495e-05,0.0039054640487698,-0.0022848981735461,0.0065915519904147,0.5836531361473132,-0.3281602331211178,0.3058461459688677,0.595053381901362,-0.0022848981735461,0.0065915519904147,7.588390888780495e-05,0.0039054640487698,0.5228999999999999
0.0028437070093592,0.000461765609873,0.0049423204037805,0.0048717948532825,0.6266297577141551,0.2346179798566757,0.2114470672002542,-0.6357999600799235,0.0049423204037805,0.0048717948532825,0.0028437070093592,0.000461765609873,0.2114470672002542,-0.6357999600799235,0.6266297577141551,0.2346179798566757,0.6266297577141551,0.2346179798566757,0.2114470672002542,-0.6357999600799235,0.0028437070093592,0.000461765609873,0.0049423204037805,0.0048717948532825,0.2114470672002542,-0.6357999600799235,0.6266297577141551,0.2346179798566757,0.0049423204037805,0.0048717948532825,0.0028437070093592,0.000461765609873,0.5229999999999999
0.0010054493243757,-0.0035325179143008,0.0065141420339578,-0.0023414946178842,0.621785207069238,-0.2475390028595014,-0.2710623146442498,-0.6132091570215441,0.0065141420339578,-0.0023414946178842,0.0010054493243757,-0.0035325179143008,-0.2710623146442498,-0.6132091570215441,0.621785207069238,-0.2475390028595014,0.621785207069238,-0.2475390028595014,-0.2710623146442498,-0.6132091570215441,0.0010054493243757,-0.0035325179143008,0.0065141420339578,-0.0023414946178842,-0.2710623146442498,-0.6132091570215441,0.621785207069238,-0.2475390028595014,0.0065141420339578,-0.0023414946178842,0.0010054493243757,-0.0035325179143008,0.5231
-0.003352020110557,-0.0036839777870469,0.0007314780200338,-0.0068553596768987,0.2944147723132762,-0.6014108603604863,-0.6131582751901665,-0.2720690123561923,0.0007314780200338,-0.0068553596768987,-0.003352020110557,-0.0036839777870469,-0.6131582751901665,-0.2720690123561923,0.2944147723132762,-0.6014108603604863,0.2944147723132762,-0.6014108603604863,-0.6131582751901665,-0.2720690123561923,-0.003352020110557,-0.0036839777870469,0.0007314780200338,-0.0068553596768987,-0.6131582751901665,-0.2720690123561923,0.2944147723132762,-0.6014108603604863,0.0007314780200338,-0.0068553596768987,-0.003352020110557,-0.0036839777870469,0.5232
-0.0054201827845186,9.172951011417852e-05,-0.005798957698881,-0.0036211812616403,-0.1860293704046222,-0.6438780092465963,-0.6372897273619762,0.2104793820463334,-0.005798957698881,-0.0036211812616403,-0.0054201827845186,9.172951011417852e-05,-0.6372897273619762,0.2104793820463334,-0.1860293704046222,-0.6438780092465963,-0.1860293704046222,-0.6438780092465963,-0.6372897273619762,0.2104793820463334,-0.0054201827845186,9.172951011417852e-05,-0.005798957698881,-0.0036211812616403,-0.6372897273619762,0.2104793820463334,-0.1860293704046222,-0.6438780092465963,-0.005798957698881,-0.0036211812616403,-0.0054201827845186,9.172951011417852e-05,0.5233
-0.0030049672160284,0.0035762158046868,-0.0057132835710092,0.0036148368786616,-0.5709493868752411,-0.3523932490394207,-0.331064906869635,0.5842261844868986,-0.0057132835710092,0.0036148368786616,-0.0030049672160284,0.0035762158046868,-0.331064906869635,0.5842261844868986,-0.5709493868752411,-0.3523932490394207,-0.5709493868752411,-0.3523932490394207,-0.331064906869635,0.5842261844868986,-0.0030049672160284,0.0035762158046868,-0.0057132835710092,0.0036148368786616,-0.331064906869635,0.5842261844868986,-0.5709493868752411,-0.3523932490394207,-0.0057132835710092,0.0036148368786616,-0.0030049672160284,0.0035762158046868,0.5234
0.0011286673165202,0.0029653433171895,0.000797425328818,0.0066482540825105,-0.6603099399405986,0.1226633574271363,0.1468830234590267,0.6556784793077335,0.000797425328818,0.0066482540825105,0.0011286673165202,0.0029653433171895,0.1468830234590267,0.6556784793077335,-0.6603099399405986,0.1226633574271363,-0.6603099399405986,0.1226633574271363,0.1468830234590267,0.6556784793077335,0.0011286673165202,0.0029653433171895,0.000797425328818,0.0066482540825105,0.1468830234590267,0.6556784793077335,-0.6603099399405986,0.1226633574271363,0.000797425328818,0.0066482540825105,0.0011286673165202,0.0029653433171895,0.5235
0.0023886355249758,-0.0009735085982642,0.0063068433601075,0.0021294522028127,-0.4070199272520421,0.5347833562099777,0.5493186833211975,0.3878074929571714,0.0063068433601075,0.0021294522028127,0.0023886355249758,-0.0009735085982642,0.5493186833211975,0.3878074929571714,-0.4070199272520421,0.5347833562099777,-0.4070199272520421,0.5347833562099777,0.5493186833211975,0.3878074929571714,0.0023886355249758,-0.0009735085982642,0.0063068433601075,0.0021294522028127,0.5493186833211975,0.3878074929571714,-0.4070199272520421,0.5347833562099777,0.0063068433601075,0.0021294522028127,0.0023886355249758,-0.0009735085982642,0.5236
-0.0005781749850174,-0.0038272863936352,0.0046356840482921,-0.0047346060756495,0.0574991949484935,0.6698007380245613,0.6680405542021056,-0.0810881053677147,0.0046356840482921,-0.0047346060756495,-0.0005781749850174,-0.0038272863936352,0.6680405542021056,-0.0810881053677147,0.0574991949484935,0.6698007380245613,0.0574991949484935,0.6698007380245613,0.6680405542021056,-0.0810881053677147,-0.0005781749850174,-0.0038272863936352,0.0046356840482921,-0.0047346060756495,0.6680405542021056,-0.0810881053677147,0.0574991949484935,0.6698007380245613,0.0046356840482921,-0.0047346060756495,-0.0005781749850174,-0.0038272863936352,0.5236999999999999
-0.004452122174323,-0.002435151577946,-0.0022099692167249,-0.0061924033002987,0.492155066596367,0.4580708621773544,0.4413400415739904,-0.5086768245125101,-0.0022099692167249,-0.0061924033002987,-0.004452122174323,-0.002435151577946,0.4413400415739904,-0.5086768245125101,0.492155066596367,0.4580708621773544,0.492155066596367,0.4580708621773544,0.4413400415739904,-0.5086768245125101,-0.004452122174323,-0.002435151577946,-0.0022099692167249,-0.0061924033002987,0.4413400415739904,-0.5086768245125101,0.492155066596367,0.4580708621773544,-0.0022099692167249,-0.0061924033002987,-0.004452122174323,-0.002435151577946,0.5237999999999999
-0.0049449866114463,0.0016564924524385,-0.006453647575542,-0.0007151245713324,0.6723998341457361,0.0097837434562077,-0.0138359616682075,-0.6737330728929659,-0.006453647575542,-0.0007151245713324,-0.0049449866114463,0.0016564924524385,-0.0138359616682075,-0.6737330728929659,0.6723998341457361,0.0097837434562077,0.6723998341457361,0.0097837434562077,-0.0138359616682075,-0.6737330728929659,-0.0049449866114463,0.0016564924524385,-0.006453647575542,-0.0007151245713324,-0.0138359616682075,-0.6737330728929659,0.6723998341457361,0.0097837434562077,-0.006453647575542,-0.0007151245713324,-0.0049449866114463,0.0016564924524385,0.5238999999999999
-0.0015223998291561,0.0039415287661333,-0.0034020795601906,0.0054219074783345,0.50582049244649,-0.4436156991827074,-0.4622223239043706,-0.4908148385783591,-0.0034020795601906,0.0054219074783345,-0.0015223998291561,0.0039415287661333,-0.4622223239043706,-0.4908148385783591,0.50582049244649,-0.4436156991827074,0.50582049244649,-0.4436156991827074,-0.4622223239043706,-0.4908148385783591,-0.0015223998291561,0.0039415287661333,-0.0034020795601906,0.0054219074783345,-0.4622223239043706,-0.4908148385783591,0.50582049244649,-0.4436156991827074,-0.0034020795601906,0.0054219074783345,-0.0015223998291561,0.0039415287661333,0.5239999999999999
0.0020416291087866,0.0019355978722358,0.0033723823655322,0.0053518400762981,0.0782780805686475,-0.6687746477608754,-0.6722572784972771,-0.0545159800780409,0.0033723823655322,0.0053518400762981,0.0020416291087866,0.0019355978722358,-0.6722572784972771,-0.0545159800780409,0.0782780805686475,-0.6687746477608754,0.0782780805686475,-0.6687746477608754,-0.6722572784972771,-0.0545159800780409,0.0020416291087866,0.0019355978722358,0.0033723823655322,0.0053518400762981,-0.6722572784972771,-0.0545159800780409,0.0782780805686475,-0.6687746477608754,0.0033723823655322,0.0053518400762981,0.0020416291087866,0.0019355978722358,0.5241
0.0018547629806853,-0.0021069092855156,0.006233607601648,-0.000698948514701,-0.3904147401655598,-0.5494409562248395,-0.5358714469180804,0.4100154670834989,0.006233607601648,-0.000698948514701,0.0018547629806853,-0.0021069092855156,-0.5358714469180804,0.4100154670834989,-0.3904147401655598,-0.5494409562248395,-0.3904147401655598,-0.5494409562248395,-0.5358714469180804,0.4100154670834989,0.0018547629806853,-0.0021069092855156,0.006233607601648,-0.000698948514701,-0.5358714469180804,0.4100154670834989,-0.3904147401655598,-0.5494409562248395,0.006233607601648,-0.000698948514701,0.0018547629806853,-0.0021069092855156,0.5242
-0.0018045676073963,-0.0037187147642027,0.0020972558660187,-0.0058556313676975,-0.6586198952453701,-0.1463526754739754,-0.1235344976963915,0.6637025486850459,0.0020972558660187,-0.0058556313676975,-0.0018045676073963,-0.0037187147642027,-0.1235344976963915,0.6637025486850459,-0.6586198952453701,-0.1463526754739754,-0.6586198952453701,-0.1463526754739754,-0.1235344976963915,0.6637025486850459,-0.0018045676073963,-0.0037187147642027,0.0020972558660187,-0.0058556313676975,-0.1235344976963915,0.6637025486850459,-0.6586198952453701,-0.1463526754739754,0.0020972558660187,-0.0058556313676975,-0.0018045676073963,-0.0037187147642027,0.5243
-0.0048344431487679,-0.0011683504313208,-0.0042716150314916,-0.0044182112753315,-0.5873900902283777,0.3329222532377709,0.3527614764823067,0.5761737797592257,-0.0042716150314916,-0.0044182112753315,-0.0048344431487679,-0.0011683504313208,0.3527614764823067,0.5761737797592257,-0.5873900902283777,0.3329222532377709,-0.5873900902283777,0.3329222532377709,0.3527614764823067,0.5761737797592257,-0.0048344431487679,-0.0011683504313208,-0.0042716150314916,-0.0044182112753315,0.3527614764823067,0.5761737797592257,-0.5873900902283777,0.3329222532377709,-0.0042716150314916,-0.0044182112753315,-0.0048344431487679,-0.0011683504313208,0.5244
-0.0038780331398833,0.0026557692456827,-0.0057614848088375,0.0018572924609735,-0.2132114526598826,0.6409170288524945,0.6482755188796502,0.1921426341219999,-0.0057614848088375,0.0018572924609735,-0.0038780331398833,0.0026557692456827,0.6482755188796502,0.1921426341219999,-0.2132114526598826,0.6409170288524945,-0.2132114526598826,0.6409170288524945,0.6482755188796502,0.1921426341219999,-0.0038780331398833,0.0026557692456827,-0.0057614848088375,0.0018572924609735,0.6482755188796502,0.1921426341219999,-0.2132114526598826,0.6409170288524945,-0.0057614848088375,0.0018572924609735,-0.0038780331398833,0.0026557692456827,0.5245
-2.5011106569843643e-05,0.0034856972772468,-0.0008418328276075,0.0059103822378307,0.2707495643402203,0.6189412947767035,0.610777493714888,-0.2913282306041856,-0.0008418328276075,0.0059103822378307,-2.5011106569843643e-05,0.0034856972772468,0.610777493714888,-0.2913282306041856,0.2707495643402203,0.6189412947767035,0.2707495643402203,0.6189412947767035,0.610777493714888,-0.2913282306041856,-2.5011106569843643e-05,0.0034856972772468,-0.0008418328276075,0.0059103822378307,0.610777493714888,-0.2913282306041856,0.2707495643402203,0.6189412947767035,-0.0008418328276075,0.0059103822378307,-2.5011106569843643e-05,0.0034856972772468,0.5246
0.0024406041375639,0.0004039884985529,0.0049001310806457,0.0033130408879698,0.6154233210993295,0.2789155027411839,0.2591114298444713,-0.6255981723432945,0.0049001310806457,0.0033130408879698,0.0024406041375639,0.0004039884985529,0.2591114298444713,-0.6255981723432945,0.6154233210993295,0.2789155027411839,0.6154233210993295,0.2789155027411839,0.2591114298444713,-0.6255981723432945,0.0024406041375639,0.0004039884985529,0.0049001310806457,0.0033130408879698,0.2591114298444713,-0.6255981723432945,0.6154233210993295,0.2789155027411839,0.0049001310806457,0.0033130408879698,0.0024406041375639,0.0004039884985529,0.5246999999999999
0.0008041642895417,-0.0031827533570704,0.0051042178639141,-0.0029168022243909,0.6443453358684876,-0.2041883813248328,-0.2259733123553446,-0.6386228337544056,0.0051042178639141,-0.0029168022243909,0.0008041642895417,-0.0031827533570704,-0.2259733123553446,-0.6386228337544056,0.6443453358684876,-0.2041883813248328,0.6443453358684876,-0.2041883813248328,-0.2259733123553446,-0.6386228337544056,0.0008041642895417,-0.0031827533570704,0.0051042178639141,-0.0029168022243909,-0.2259733123553446,-0.6386228337544056,0.6443453358684876,-0.2041883813248328,0.0051042178639141,-0.0029168022243909,0.0008041642895417,-0.0031827533570704,0.5247999999999999
-0.0031107885346665,-0.0033497789614604,-0.0003349163939769,-0.0058229616180483,0.3429971419775647,-0.5829659333755315,-0.5951899503504109,-0.3238992587421961,-0.0003349163939769,-0.0058229616180483,-0.0031107885346665,-0.0033497789614604,-0.5951899503504109,-0.3238992587421961,0.3429971419775647,-0.5829659333755315,0.3429971419775647,-0.5829659333755315,-0.5951899503504109,-0.3238992587421961,-0.0031107885346665,-0.0033497789614604,-0.0003349163939769,-0.0058229616180483,-0.5951899503504109,-0.3238992587421961,0.3429971419775647,-0.5829659333755315,-0.0003349163939769,-0.0058229616180483,-0.0031107885346665,-0.0033497789614604,0.5248999999999999
-0.0050102562957647,2.778419206534867e-05,-0.0052945420051231,-0.0022672974785953,-0.1346299871795918,-0.6634950412036731,-0.6594293399962502,0.1568048800578401,-0.0052945420051231,-0.0022672974785953,-0.0050102562957647,2.778419206534867e-05,-0.6594293399962502,0.1568048800578401,-0.1346299871795918,-0.6634950412036731,-0.1346299871795918,-0.6634950412036731,-0.6594293399962502,0.1568048800578401,-0.0050102562957647,2.778419206534867e-05,-0.0052945420051231,-0.0022672974785953,-0.6594293399962502,0.1568048800578401,-0.1346299871795918,-0.6634950412036731,-0.0052945420051231,-0.0022672974785953,-0.0050102562957647,2.778419206534867e-05,0.5249999999999999
-0.0028747615442655,0.0031976399420774,-0.0043083066676832,0.0036914844307059,-0.5441528986760756,-0.4039190833736408,-0.3862178178591496,0.5574043554562409,-0.0043083066676832,0.0036914844307059,-0.0028747615442655,0.0031976399420774,-0.3862178178591496,0.5574043554562409,-0.5441528986760756,-0.4039190833736408,-0.5441528986760756,-0.4039190833736408,-0.3862178178591496,0.5574043554562409,-0.0028747615442655,0.0031976399420774,-0.0043083066676832,0.0036914844307059,-0.3862178178591496,0.5574043554562409,-0.5441528986760756,-0.4039190833736408,-0.0043083066676832,0.0036914844307059,-0.0028747615442655,0.0031976399420774,0.5251
0.0008672767758238,0.0027009847386969,0.0014141548497136,0.0054223598374628,-0.6752629690070598,0.0633216634675524,0.0847496642139754,0.6732896796043971,0.0014141548497136,0.0054223598374628,0.0008672767758238,0.0027009847386969,0.0847496642139754,0.6732896796043971,-0.6752629690070598,0.0633216634675524,-0.6752629690070598,0.0633216634675524,0.0847496642139754,0.6732896796043971,0.0008672767758238,0.0027009847386969,0.0014141548497136,0.0054223598374628,0.0847496642139754,0.6732896796043971,-0.6752629690070598,0.0633216634675524,0.0014141548497136,0.0054223598374628,0.0008672767758238,0.0027009847386969,0.5252
0.0020677861905735,-0.0008474915645533,0.0054535488833057,0.0010975953257373,-0.4602666766256382,0.4985899309686378,0.5130509156501946,0.4450367968082026,0.0054535488833057,0.0010975953257373,0.0020677861905735,-0.0008474915645533,0.5130509156501946,0.4450367968082026,-0.4602666766256382,0.4985899309686378,-0.4602666766256382,0.4985899309686378,0.5130509156501946,0.4450367968082026,0.0020677861905735,-0.0008474915645533,0.0054535488833057,0.0010975953257373,0.5130509156501946,0.4450367968082026,-0.4602666766256382,0.4985899309686378,0.0054535488833057,0.0010975953257373,0.0020677861905735,-0.0008474915645533,0.5253
-0.0005758466039021,-0.0034918544410479,0.0033797645762089,-0.0043794980871659,-0.0095313874577277,0.6786306944648406,0.6796454275513745,-0.0112076424901745,0.0033797645762089,-0.0043794980871659,-0.0005758466039021,-0.0034918544410479,0.6796454275513745,-0.0112076424901745,-0.0095313874577277,0.6786306944648406,-0.0095313874577277,0.6786306944648406,0.6796454275513745,-0.0112076424901745,-0.0005758466039021,-0.0034918544410479,0.0033797645762089,-0.0043794980871659,0.6796454275513745,-0.0112076424901745,-0.0095313874577277,0.6786306944648406,0.0033797645762089,-0.0043794980871659,-0.0005758466039021,-0.0034918544410479,0.5254
-0.0041305546324894,-0.0023084604856528,-0.0023869936011921,-0.0049334040568217,0.4459340904306668,0.51174724354426,0.498885151858171,-0.4623395493168273,-0.0023869936011921,-0.0049334040568217,-0.0041305546324894,-0.0023084604856528,0.498885151858171,-0.4623395493168273,0.4459340904306668,0.51174724354426,0.4459340904306668,0.51174724354426,0.498885151858171,-0.4623395493168273,-0.0041305546324894,-0.0023084604856528,-0.0023869936011921,-0.0049334040568217,0.498885151858171,-0.4623395493168273,0.4459340904306668,0.51174724354426,-0.0023869936011921,-0.0049334040568217,-0.0041305546324894,-0.0023084604856528,0.5255
-0.0046846970289052,0.0014036529458326,-0.0053984954907809,-6.239914427314081e-05,0.6737702056862215,0.0837964983321801,0.0630331681060399,-0.6775282100474653,-0.0053984954907809,-6.239914427314081e-05,-0.0046846970289052,0.0014036529458326,0.0630331681060399,-0.6775282100474653,0.6737702056862215,0.0837964983321801,0.6737702056862215,0.0837964983321801,0.0630331681060399,-0.6775282100474653,-0.0046846970289052,0.0014036529458326,-0.0053984954907809,-6.239914427314081e-05,0.0630331681060399,-0.6775282100474653,0.6737702056862215,0.0837964983321801,-0.0053984954907809,-6.239914427314081e-05,-0.0046846970289052,0.0014036529458326,0.5256
-0.0016398332855612,0.003584465563258,-0.002399952692596,0.0047336253091677,0.5583067848593165,-0.3870379571699978,-0.4050462632959966,-0.5469573404039817,-0.002399952692596,0.0047336253091677,-0.0016398332855612,0.003584465563258,-0.4050462632959966,-0.5469573404039817,0.5583067848593165,-0.3870379571699978,0.5583067848593165,-0.3870379571699978,-0.4050462632959966,-0.5469573404039817,-0.0016398332855612,0.003584465563258,-0.002399952692596,0.0047336253091677,-0.4050462632959966,-0.5469573404039817,0.5583067848593165,-0.3870379571699978,-0.002399952692596,0.0047336253091677,-0.0016398332855612,0.003584465563258,0.5257
0.0016636053862501,0.0018816207012672,0.0031539372389418,0.0041762141940814,0.1582205087840981,-0.6612450338372196,-0.6666741605546925,-0.1377154847019205,0.0031539372389418,0.0041762141940814,0.0016636053862501,0.0018816207012672,-0.6666741605546925,-0.1377154847019205,0.1582205087840981,-0.6612450338372196,0.1582205087840981,-0.6612450338372196,-0.6666741605546925,-0.1377154847019205,0.0016636053862501,0.0018816207012672,0.0031539372389418,0.0041762141940814,-0.6666741605546925,-0.1377154847019205,0.1582205087840981,-0.6612450338372196,0.0031539372389418,0.0041762141940814,0.0016636053862501,0.0018816207012672,0.5257999999999999
0.0016393887522653,-0.0017902409824942,0.0050888892606364,-0.0009765494675816,-0.323234881590968,-0.5988948388736646,-0.5891174113192443,0.3416245005050196,0.0050888892606364,-0.0009765494675816,0.0016393887522653,-0.0017902409824942,-0.5891174113192443,0.3416245005050196,-0.323234881590968,-0.5988948388736646,-0.323234881590968,-0.5988948388736646,-0.5891174113192443,0.3416245005050196,0.0016393887522653,-0.0017902409824942,0.0050888892606364,-0.0009765494675816,-0.5891174113192443,0.3416245005050196,-0.323234881590968,-0.5988948388736646,0.0050888892606364,-0.0009765494675816,0.0016393887522653,-0.0017902409824942,0.5258999999999999
-0.0016141777087373,-0.0033893820826153,0.0013850723601747,-0.0049393464642675,-0.6407356251872283,-0.2310543784852112,-0.2120092069202631,0.6476090628944876,0.0013850723601747,-0.0049393464642675,-0.0016141777087373,-0.0033893820826153,-0.2120092069202631,0.6476090628944876,-0.6407356251872283,-0.2310543784852112,-0.6407356251872283,-0.2310543784852112,-0.2120092069202631,0.6476090628944876,-0.0016141777087373,-0.0033893820826153,0.0013850723601747,-0.0049393464642675,-0.2120092069202631,0.6476090628944876,-0.6407356251872283,-0.2310543784852112,0.0013850723601747,-0.0049393464642675,-0.0016141777087373,-0.0033893820826153,0.5259999999999999
-0.0044619823797441,-0.001200799267039,-0.0037338585545053,-0.0034071551835967,-0.6319859852227836,0.2550292939528977,0.2733679850934226,0.6248003508012819,-0.0037338585545053,-0.0034071551835967,-0.0044619823797441,-0.001200799267039,0.2733679850934226,0.6248003508012819,-0.6319859852227836,0.2550292939528977,-0.6319859852227836,0.2550292939528977,0.2733679850934226,0.6248003508012819,-0.0044619823797441,-0.001200799267039,-0.0037338585545053,-0.0034071551835967,0.2733679850934226,0.6248003508012819,-0.6319859852227836,0.2550292939528977,-0.0037338585545053,-0.0034071551835967,-0.0044619823797441,-0.001200799267039,0.5261
-0.0037608095172277,0.0023082947703666,-0.0046292033798207,0.0017786083164133,-0.3013870563540362,0.6114421021806458,0.6205482980715814,0.2842684569677792,-0.0046292033798207,0.0017786083164133,-0.0037608095172277,0.0023082947703666,0.6205482980715814,0.2842684569677792,-0.3013870563540362,0.6114421021806458,-0.3013870563540362,0.6114421021806458,0.6205482980715814,0.2842684569677792,-0.0037608095172277,0.0023082947703666,-0.0046292033798207,0.0017786083164133,0.6205482980715814,0.2842684569677792,-0.3013870563540362,0.6114421021806458,-0.0046292033798207,0.0017786083164133,-0.0037608095172277,0.0023082947703666,0.5262
-0.0003041906006068,0.0032449584602865,-0.0004534364575773,0.004847973624245,0.1823690797167498,0.6569205341753027,0.6526806383253948,-0.2013062998569956,-0.0004534364575773,0.004847973624245,-0.0003041906006068,0.0032449584602865,0.6526806383253948,-0.2013062998569956,0.1823690797167498,0.6569205341753027,0.1823690797167498,0.6569205341753027,0.6526806383253948,-0.2013062998569956,-0.0003041906006068,0.0032449584602865,-0.0004534364575773,0.004847973624245,0.6526806383253948,-0.2013062998569956,0.1823690797167498,0.6569205341753027,-0.0004534364575773,0.004847973624245,-0.0003041906006068,0.0032449584602865,0.5263
0.0020945230867059,0.0005789345850393,0.0040899917024935,0.0025231853464956,0.5734128693811924,0.3690064517104309,0.3531352148023162,-0.5849674514452906,0.0040899917024935,0.0025231853464956,0.0020945230867059,0.0005789345850393,0.3531352148023162,-0.5849674514452906,0.5734128693811924,0.3690064517104309,0.5734128693811924,0.3690064517104309,0.3531352148023162,-0.5849674514452906,0.0020945230867059,0.0005789345850393,0.0040899917024935,0.0025231853464956,0.3531352148023162,-0.5849674514452906,0.5734128693811924,0.3690064517104309,0.0040899917024935,0.0025231853464956,0.0020945230867059,0.0005789345850393,0.5264
0.0008180609913636,-0.0027641358999937,0.0040499668475878,-0.0025028349320026,0.6738935461396691,-0.1059483732847376,-0.1256737836401804,-0.6717622502032802,0.0040499668475878,-0.0025028349320026,0.0008180609913636,-0.0027641358999937,-0.1256737836401804,-0.6717622502032802,0.6738935461396691,-0.1059483732847376,0.6738935461396691,-0.1059483732847376,-0.1256737836401804,-0.6717622502032802,0.0008180609913636,-0.0027641358999937,0.0040499668475878,-0.0025028349320026,-0.1256737836401804,-0.6717622502032802,0.6738935461396691,-0.1059483732847376,0.0040499668475878,-0.0025028349320026,0.0008180609913636,-0.0027641358999937,0.5265
-0.002709828184427,-0.0031559410939821,-0.0003904067972725,-0.0046907117352751,0.4331270788440632,-0.5276534384609134,-0.5406636677446341,-0.4181660970572181,-0.0003904067972725,-0.0046907117352751,-0.002709828184427,-0.0031559410939821,-0.5406636677446341,-0.4181660970572181,0.4331270788440632,-0.5276534384609134,0.4331270788440632,-0.5276534384609134,-0.5406636677446341,-0.4181660970572181,-0.002709828184427,-0.0031559410939821,-0.0003904067972725,-0.0046907117352751,-0.5406636677446341,-0.4181660970572181,0.4331270788440632,-0.5276534384609134,-0.0003904067972725,-0.0046907117352751,-0.002709828184427,-0.0031559410939821,0.5266
-0.0046401757906991,-0.0002338758246539,-0.0042816567306769,-0.001752774744762,-0.0274316089834023,-0.6827101866290638,-0.682086930784606,0.0469319604624944,-0.0042816567306769,-0.001752774744762,-0.0046401757906991,-0.0002338758246539,-0.682086930784606,0.0469319604624944,-0.0274316089834023,-0.6827101866290638,-0.0274316089834023,-0.6827101866290638,-0.682086930784606,0.0469319604624944,-0.0046401757906991,-0.0002338758246539,-0.0042816567306769,-0.001752774744762,-0.682086930784606,0.0469319604624944,-0.0274316089834023,-0.6827101866290638,-0.0042816567306769,-0.001752774744762,-0.0046401757906991,-0.0002338758246539,0.5267
-0.0029305795033604,0.0027602525072989,-0.0034209848312483,0.0029731217334396,-0.4749059415166003,-0.4920484205920326,-0.4788508612905257,0.4885296827434367,-0.0034209848312483,0.0029731217334396,-0.0029305795033604,0.0027602525072989,-0.4788508612905257,0.4885296827434367,-0.4749059415166003,-0.4920484205920326,-0.4749059415166003,-0.4920484205920326,-0.4788508612905257,0.4885296827434367,-0.0029305795033604,0.0027602525072989,-0.0034209848312483,0.0029731217334396,-0.4788508612905257,0.4885296827434367,-0.4749059415166003,-0.4920484205920326,-0.0034209848312483,0.0029731217334396,-0.0029305795033604,0.0027602525072989,0.5267999999999999
0.0004661458639501,0.0025707567006164,0.0011199502743824,0.0043111989660281,-0.6823197527799455,-0.0517401051942089,-0.0334006162589709,0.6837898270839394,0.0011199502743824,0.0043111989660281,0.0004661458639501,0.0025707567006164,-0.0334006162589709,0.6837898270839394,-0.6823197527799455,-0.0517401051942089,-0.6823197527799455,-0.0517401051942089,-0.0334006162589709,0.6837898270839394,0.0004661458639501,0.0025707567006164,0.0011199502743824,0.0043111989660281,-0.0334006162589709,0.6837898270839394,-0.6823197527799455,-0.0517401051942089,0.0011199502743824,0.0043111989660281,0.0004661458639501,0.0025707567006164,0.5268999999999999
0.0017965776968841,-0.0005315647409988,0.0043126074942781,0.0009075826547213,-0.5443099005747724,0.4150545647663923,0.4296439521609425,0.5337277738137247,0.0043126074942781,0.0009075826547213,0.0017965776968841,-0.0005315647409988,0.4296439521609425,0.5337277738137247,-0.5443099005747724,0.4150545647663923,-0.5443099005747724,0.4150545647663923,0.4296439521609425,0.5337277738137247,0.0017965776968841,-0.0005315647409988,0.0043126074942781,0.0009075826547213,0.4296439521609425,0.5337277738137247,-0.5443099005747724,0.4150545647663923,0.0043126074942781,0.0009075826547213,0.0017965776968841,-0.0005315647409988,0.5269999999999999
-0.0003807740780202,-0.0031028096826796,0.002733936655459,-0.0034139266306554,-0.1310672906054391,0.6719145661845363,0.6761554554345774,0.1136184212045369,0.002733936655459,-0.0034139266306554,-0.0003807740780202,-0.0031028096826796,0.6761554554345774,0.1136184212045369,-0.1310672906054391,0.6719145661845363,-0.1310672906054391,0.6719145661845363,0.6761554554345774,0.1136184212045369,-0.0003807740780202,-0.0031028096826796,0.002733936655459,-0.0034139266306554,0.6761554554345774,0.1136184212045369,-0.1310672906054391,0.6719145661845363,0.002733936655459,-0.0034139266306554,-0.0003807740780202,-0.0031028096826796,0.5270999999999999
-0.0036622099564289,-0.002320501545599,-0.0017702064414837,-0.0039442687250154,0.3481528499228318,0.5895172963992888,0.5811987931278183,-0.3642645510060598,-0.0017702064414837,-0.0039442687250154,-0.0036622099564289,-0.002320501545599,0.5811987931278183,-0.3642645510060598,0.3481528499228318,0.5895172963992888,0.3481528499228318,0.5895172963992888,0.5811987931278183,-0.3642645510060598,-0.0036622099564289,-0.002320501545599,-0.0017702064414837,-0.0039442687250154,0.5811987931278183,-0.3642645510060598,0.3481528499228318,0.5895172963992888,-0.0017702064414837,-0.0039442687250154,-0.0036622099564289,-0.002320501545599,0.5272
-0.0044660509851792,0.0009550651838116,-0.00423774837702,-0.000218544638316,0.6518428931968746,0.2100434754462962,0.1928911579150231,-0.6583580050925351,-0.00423774837702,-0.000218544638316,-0.0044660509851792,0.0009550651838116,0.1928911579150231,-0.6583580050925351,0.6518428931968746,0.2100434754462962,0.6518428931968746,0.2100434754462962,0.1928911579150231,-0.6583580050925351,-0.0044660509851792,0.0009550651838116,-0.00423774837702,-0.000218544638316,0.1928911579150231,-0.6583580050925351,0.6518428931968746,0.2100434754462962,-0.00423774837702,-0.000218544638316,-0.0044660509851792,0.0009550651838116,0.5273
-0.0019413581097277,0.0031642303921389,-0.0020595685306146,0.003605219769801,0.627470571602548,-0.2754038902799533,-0.2924781194142768,-0.6206322668238599,-0.0020595685306146,0.003605219769801,-0.0019413581097277,0.0031642303921389,-0.2924781194142768,-0.6206322668238599,0.627470571602548,-0.2754038902799533,0.627470571602548,-0.2754038902799533,-0.2924781194142768,-0.6206322668238599,-0.0019413581097277,0.0031642303921389,-0.0020595685306146,0.003605219769801,-0.2924781194142768,-0.6206322668238599,0.627470571602548,-0.2754038902799533,-0.0020595685306146,0.003605219769801,-0.0019413581097277,0.0031642303921389,0.5274
0.0011443808017742,0.0019510303100651,0.0022659771343174,0.0033907373745179,0.2871181718456295,-0.6228072809262887,-0.6305849843219257,-0.2707125498507706,0.0022659771343174,0.0033907373745179,0.0011443808017742,0.0019510303100651,-0.6305849843219257,-0.2707125498507706,0.2871181718456295,-0.6228072809262887,0.2871181718456295,-0.6228072809262887,-0.6305849843219257,-0.2707125498507706,0.0011443808017742,0.0019510303100651,0.0022659771343174,0.0033907373745179,-0.6305849843219257,-0.2707125498507706,0.2871181718456295,-0.6228072809262887,0.0022659771343174,0.0033907373745179,0.0011443808017742,0.0019510303100651,0.5275
0.0014631605021227,-0.0012958550328106,0.0039990817663238,-0.0005005981038174,-0.1984279121697626,-0.6570716110701753,-0.6519055784590503,0.2153297280036482,0.0039990817663238,-0.0005005981038174,0.0014631605021227,-0.0012958550328106,-0.6519055784590503,0.2153297280036482,-0.1984279121697626,-0.6570716110701753,-0.1984279121697626,-0.6570716110701753,-0.6519055784590503,0.2153297280036482,0.0014631605021227,-0.0012958550328106,0.0039990817663238,-0.0005005981038174,-0.6519055784590503,0.2153297280036482,-0.1984279121697626,-0.6570716110701753,0.0039990817663238,-0.0005005981038174,0.0014631605021227,-0.0012958550328106,0.5276
-0.0012498111903084,-0.0030111842381242,0.001356476552928,-0.0037497896937663,-0.5847162036773823,-0.3603511543723739,-0.3457682890765055,0.5936660900841014,0.001356476552928,-0.0037497896937663,-0.0012498111903084,-0.0030111842381242,-0.3457682890765055,0.5936660900841014,-0.5847162036773823,-0.3603511543723739,-0.5847162036773823,-0.3603511543723739,-0.3457682890765055,0.5936660900841014,-0.0012498111903084,-0.0030111842381242,0.001356476552928,-0.0037497896937663,-0.3457682890765055,0.5936660900841014,-0.5847162036773823,-0.3603511543723739,0.001356476552928,-0.0037497896937663,-0.0012498111903084,-0.0030111842381242,0.5277
-0.0039610359776791,-0.0013653746632116,-0.0026667323886488,-0.0028788918348406,-0.676882806621065,0.1180631524708926,0.1345354073053258,0.6742654598655166,-0.0026667323886488,-0.0028788918348406,-0.0039610359776791,-0.0013653746632116,0.1345354073053258,0.6742654598655166,-0.676882806621065,0.1180631524708926,-0.676882806621065,0.1180631524708926,0.1345354073053258,0.6742654598655166,-0.0039610359776791,-0.0013653746632116,-0.0026667323886488,-0.0028788918348406,0.1345354073053258,0.6742654598655166,-0.676882806621065,0.1180631524708926,-0.0026667323886488,-0.0028788918348406,-0.0039610359776791,-0.0013653746632116,0.5277999999999999
-0.0036968101720549,0.0017773263698323,-0.0036958815761518,0.0010329581910049,-0.4286461432131708,0.5371285448402285,0.5479187155271412,0.4161323522737256,-0.0036958815761518,0.0010329581910049,-0.0036968101720549,0.0017773263698323,0.5479187155271412,0.4161323522737256,-0.4286461432131708,0.5371285448402285,-0.4286461432131708,0.5371285448402285,0.5479187155271412,0.4161323522737256,-0.0036968101720549,0.0017773263698323,-0.0036958815761518,0.0010329581910049,0.5479187155271412,0.4161323522737256,-0.4286461432131708,0.5371285448402285,-0.0036958815761518,0.0010329581910049,-0.0036968101720549,0.0017773263698323,0.5278999999999999
-0.0007753627805608,0.002954380881811,-0.0007308204779723,0.0036790435283444,0.0346860221950464,0.6863709654986313,0.6864181824556038,-0.0513131605033462,-0.0007308204779723,0.0036790435283444,-0.0007753627805608,0.002954380881811,0.6864181824556038,-0.0513131605033462,0.0346860221950464,0.6863709654986313,0.0346860221950464,0.6863709654986313,0.6864181824556038,-0.0513131605033462,-0.0007753627805608,0.002954380881811,-0.0007308204779723,0.0036790435283444,0.6864181824556038,-0.0513131605033462,0.0346860221950464,0.6863709654986313,-0.0007308204779723,0.0036790435283444,-0.0007753627805608,0.002954380881811,0.5279999999999999
0.0016020395825365,0.0008960960165827,0.0029089735823928,0.0022678181040577,0.4804840369404801,0.4915528005246527,0.4804383944551798,-0.4931183328459798,0.0029089735823928,0.0022678181040577,0.0016020395825365,0.0008960960165827,0.4804383944551798,-0.4931183328459798,0.4804840369404801,0.4915528005246527,0.4804840369404801,0.4915528005246527,0.4804383944551798,-0.4931183328459798,0.0016020395825365,0.0008960960165827,0.0029089735823928,0.0022678181040577,0.4804383944551798,-0.4931183328459798,0.4804840369404801,0.4915528005246527,0.0029089735823928,0.0022678181040577,0.0016020395825365,0.0008960960165827,0.5281
0.0008788348214652,-0.0021434182181692,0.0033043486826466,-0.0015458030342398,0.6858206277624143,0.0505859526587287,0.0337697037025097,-0.6876832576086618,0.0033043486826466,-0.0015458030342398,0.0008788348214652,-0.0021434182181692,0.0337697037025097,-0.6876832576086618,0.6858206277624143,0.0505859526587287,0.6858206277624143,0.0505859526587287,0.0337697037025097,-0.6876832576086618,0.0008788348214652,-0.0021434182181692,0.0033043486826466,-0.0015458030342398,0.0337697037025097,-0.6876832576086618,0.6858206277624143,0.0505859526587287,0.0033043486826466,-0.0015458030342398,0.0008788348214652,-0.0021434182181692,0.5282
-0.002109372866103,-0.0029001501017536,0.0001493396278446,-0.0036001855653142,0.5480925920457778,-0.4161175800759963,-0.4296158898188728,-0.5381450609355529,0.0001493396278446,-0.0036001855653142,-0.002109372866103,-0.0029001501017536,-0.4296158898188728,-0.5381450609355529,0.5480925920457778,-0.4161175800759963,0.5480925920457778,-0.4161175800759963,-0.4296158898188728,-0.5381450609355529,-0.002109372866103,-0.0029001501017536,0.0001493396278446,-0.0036001855653142,-0.4296158898188728,-0.5381450609355529,0.5480925920457778,-0.4161175800759963,0.0001493396278446,-0.0036001855653142,-0.002109372866103,-0.0029001501017536,0.5283
-0.004118183591606,-0.0006402779680275,-0.0030600022352795,-0.0017657207804643,0.1357802041359625,-0.6751825442490283,-0.6783525912510949,-0.1197237996153263,-0.0030600022352795,-0.0017657207804643,-0.004118183591606,-0.0006402779680275,-0.6783525912510949,-0.1197237996153263,0.1357802041359625,-0.6751825442490283,0.1357802041359625,-0.6751825442490283,-0.6783525912510949,-0.1197237996153263,-0.004118183591606,-0.0006402779680275,-0.0030600022352795,-0.0017657207804643,-0.6783525912510949,-0.1197237996153263,0.1357802041359625,-0.6751825442490283,-0.0030600022352795,-0.0017657207804643,-0.004118183591606,-0.0006402779680275,0.5284
-0.0030437305698898,0.0021185993168566,-0.0028978873387248,0.0018603835760403,-0.3451268740198517,-0.5965361045030781,-0.5885039828366392,0.3587740513583638,-0.0028978873387248,0.0018603835760403,-0.0030437305698898,0.0021185993168566,-0.5885039828366392,0.3587740513583638,-0.3451268740198517,-0.5965361045030781,-0.3451268740198517,-0.5965361045030781,-0.5885039828366392,0.3587740513583638,-0.0030437305698898,0.0021185993168566,-0.0028978873387248,0.0018603835760403,-0.5885039828366392,0.3587740513583638,-0.3451268740198517,-0.5965361045030781,-0.0028978873387248,0.0018603835760403,-0.0030437305698898,0.0021185993168566,0.5285
-0.0001481529140822,0.0023973464784841,0.0003420412329629,0.0033467330785617,-0.6537292367044342,-0.2191748077639152,-0.2046304117012134,0.6586898585544354,0.0003420412329629,0.0033467330785617,-0.0001481529140822,0.0023973464784841,-0.2046304117012134,0.6586898585544354,-0.6537292367044342,-0.2191748077639152,-0.6537292367044342,-0.2191748077639152,-0.2046304117012134,0.6586898585544354,-0.0001481529140822,0.0023973464784841,0.0003420412329629,0.0033467330785617,-0.2046304117012134,0.6586898585544354,-0.6537292367044342,-0.2191748077639152,0.0003420412329629,0.0033467330785617,-0.0001481529140822,0.0023973464784841,0.5286
0.0013846751296416,-3.835630557248466e-05,0.003095922045988,0.0011845611384376,-0.6354630440892389,0.2679000879258277,0.2819939356307362,0.6299761063263087,0.003095922045988,0.0011845611384376,0.0013846751296416,-3.835630557248466e-05,0.2819939356307362,0.6299761063263087,-0.6354630440892389,0.2679000879258277,-0.6354630440892389,0.2679000879258277,0.2819939356307362,0.6299761063263087,0.0013846751296416,-3.835630557248466e-05,0.003095922045988,0.0011845611384376,0.2819939356307362,0.6299761063263087,-0.6354630440892389,0.2679000879258277,0.003095922045988,0.0011845611384376,0.0013846751296416,-3.835630557248466e-05,0.5287
-8.8731503289081e-05,-0.0024970028647374,0.002446034319602,-0.0021926178578364,-0.2998905104228181,0.6210467490419251,0.6282613417887711,0.2865783590965058,0.002446034319602,-0.0021926178578364,-8.8731503289081e-05,-0.0024970028647374,0.6282613417887711,0.2865783590965058,-0.2998905104228181,0.6210467490419251,-0.2998905104228181,0.6210467490419251,0.6282613417887711,0.2865783590965058,-8.8731503289081e-05,-0.0024970028647374,0.002446034319602,-0.0021926178578364,0.6282613417887711,0.2865783590965058,-0.2998905104228181,0.6210467490419251,0.002446034319602,-0.0021926178578364,-8.8731503289081e-05,-0.0024970028647374,0.5287999999999999
-0.0029462242001212,-0.0023147091612854,-0.0007941223456602,-0.0031451552237365,0.1850243400095201,0.6644526292911438,0.6611111484354615,-0.1999589328506153,-0.0007941223456602,-0.0031451552237365,-0.0029462242001212,-0.0023147091612854,0.6611111484354615,-0.1999589328506153,0.1850243400095201,0.6644526292911438,0.1850243400095201,0.6644526292911438,0.6611111484354615,-0.1999589328506153,-0.0029462242001212,-0.0023147091612854,-0.0007941223456602,-0.0031451552237365,0.6611111484354615,-0.1999589328506153,0.1850243400095201,0.6644526292911438,-0.0007941223456602,-0.0031451552237365,-0.0029462242001212,-0.0023147091612854,0.5288999999999999
-0.0041083503809599,0.0002918584504457,-0.0030836658153106,-0.0007481663367773,0.5777983655946015,0.3770664176859912,0.3644943930287619,-0.5867345302084082,-0.0030836658153106,-0.0007481663367773,-0.0041083503809599,0.0002918584504457,0.3644943930287619,-0.5867345302084082,0.5777983655946015,0.3770664176859912,0.5777983655946015,0.3770664176859912,0.3644943930287619,-0.5867345302084082,-0.0041083503809599,0.0002918584504457,-0.0030836658153106,-0.0007481663367773,0.3644943930287619,-0.5867345302084082,0.5777983655946015,0.3770664176859912,-0.0030836658153106,-0.0007481663367773,-0.0041083503809599,0.0002918584504457,0.5289999999999999
-0.0023644271425742,0.0025167441314836,-0.0020259929575529,0.0023261566048164,0.683332947493481,-0.0981055194928143,-0.1133383196247066,-0.6814277702678595,-0.0020259929575529,0.0023261566048164,-0.0023644271425742,0.0025167441314836,-0.1133383196247066,-0.6814277702678595,0.683332947493481,-0.0981055194928143,0.683332947493481,-0.0981055194928143,-0.1133383196247066,-0.6814277702678595,-0.0023644271425742,0.0025167441314836,-0.0020259929575529,0.0023261566048164,-0.1133383196247066,-0.6814277702678595,0.683332947493481,-0.0981055194928143,-0.0020259929575529,0.0023261566048164,-0.0023644271425742,0.0025167441314836,0.5290999999999999
0.0003708764927141,0.0020194152235634,0.0011268577374517,0.0027896592369972,0.4489877184259927,-0.5250362940011502,-0.5347827694417524,-0.4375334347934281,0.0011268577374517,0.0027896592369972,0.0003708764927141,0.0020194152235634,-0.5347827694417524,-0.4375334347934281,0.4489877184259927,-0.5250362940011502,0.4489877184259927,-0.5250362940011502,-0.5347827694417524,-0.4375334347934281,0.0003708764927141,0.0020194152235634,0.0011268577374517,0.0027896592369972,-0.5347827694417524,-0.4375334347934281,0.4489877184259927,-0.5250362940011502,0.0011268577374517,0.0027896592369972,0.0003708764927141,0.0020194152235634,0.5292
0.0011722765681022,-0.0005815664852865,0.0029501884501137,0.0002553693612373,-0.0091413996499725,-0.691250465366279,-0.6908854344210668,0.0237019529930006,0.0029501884501137,0.0002553693612373,0.0011722765681022,-0.0005815664852865,-0.6908854344210668,0.0237019529930006,-0.0091413996499725,-0.691250465366279,-0.0091413996499725,-0.691250465366279,-0.6908854344210668,0.0237019529930006,0.0011722765681022,-0.0005815664852865,0.0029501884501137,0.0002553693612373,-0.6908854344210668,0.0237019529930006,-0.0091413996499725,-0.691250465366279,0.0029501884501137,0.0002553693612373,0.0011722765681022,-0.0005815664852865,0.5293
-0.0007419166827796,-0.0024369949453621,0.0015684572885966,-0.0024724067056823,-0.4632092257644289,-0.513637451951777,-0.5041528406134672,0.4736270780604236,0.0015684572885966,-0.0024724067056823,-0.0007419166827796,-0.0024369949453621,-0.5041528406134672,0.4736270780604236,-0.4632092257644289,-0.513637451951777,-0.4632092257644289,-0.513637451951777,-0.5041528406134672,0.4736270780604236,-0.0007419166827796,-0.0024369949453621,0.0015684572885966,-0.0024724067056823,-0.5041528406134672,0.4736270780604236,-0.4632092257644289,-0.513637451951777,0.0015684572885966,-0.0024724067056823,-0.0007419166827796,-0.0024369949453621,0.5294
-0.0032217894802384,-0.0015731286397362,-0.0014258118375431,-0.0025028212107623,-0.6871246374922486,-0.0805236105301724,-0.0668678239290186,0.688937248298927,-0.0014258118375431,-0.0025028212107623,-0.0032217894802384,-0.0015731286397362,-0.0668678239290186,0.688937248298927,-0.6871246374922486,-0.0805236105301724,-0.6871246374922486,-0.0805236105301724,-0.0668678239290186,0.688937248298927,-0.0032217894802384,-0.0015731286397362,-0.0014258118375431,-0.0025028212107623,-0.0668678239290186,0.688937248298927,-0.6871246374922486,-0.0805236105301724,-0.0014258118375431,-0.0025028212107623,-0.0032217894802384,-0.0015731286397362,0.5295
-0.0035630596841389,0.001010840001623,-0.0028061127146636,8.429477226588086e-05,-0.5697700698362755,0.3925021017937873,0.4040605963487833,0.5624156933663185,-0.0028061127146636,8.429477226588086e-05,-0.0035630596841389,0.001010840001623,0.4040605963487833,0.5624156933663185,-0.5697700698362755,0.3925021017937873,-0.5697700698362755,0.3925021017937873,0.4040605963487833,0.5624156933663185,-0.0035630596841389,0.001010840001623,-0.0028061127146636,8.429477226588086e-05,0.4040605963487833,0.5624156933663185,-0.5697700698362755,0.3925021017937873,-0.0028061127146636,8.429477226588086e-05,-0.0035630596841389,0.001010840001623,0.5296
-0.0014240555060772,0.0024876745459241,-0.0011853346565194,0.0024546694887176,-0.1699763022287754,0.6707180678569435,0.6747271699781884,0.1567729012227731,-0.0011853346565194,0.0024546694887176,-0.0014240555060772,0.0024876745459241,0.6747271699781884,0.1567729012227731,-0.1699763022287754,0.6707180678569435,-0.1699763022287754,0.6707180678569435,0.6747271699781884,0.1567729012227731,-0.0014240555060772,0.0024876745459241,-0.0011853346565194,0.0024546694887176,0.6747271699781884,0.1567729012227731,-0.1699763022287754,0.6707180678569435,-0.0011853346565194,0.0024546694887176,-0.0014240555060772,0.0024876745459241,0.5297
0.0008670677302569,0.0012806315126803,0.0016071947928101,0.0021239647158974,0.3138775665123303,0.6167937131074945,0.6109861651216585,-0.3265255594178489,0.0016071947928101,0.0021239647158974,0.0008670677302569,0.0012806315126803,0.6109861651216585,-0.3265255594178489,0.3138775665123303,0.6167937131074945,0.3138775665123303,0.6167937131074945,0.6109861651216585,-0.3265255594178489,0.0008670677302569,0.0012806315126803,0.0016071947928101,0.0021239647158974,0.6109861651216585,-0.3265255594178489,0.3138775665123303,0.6167937131074945,0.0016071947928101,0.0021239647158974,0.0008670677302569,0.0012806315126803,0.5297999999999999
0.0008754596143426,-0.0012828210813759,0.0025895174682374,-0.0004486684055631,0.6426037623929722,0.2577309131540084,0.2449396155363474,-0.6480559729728554,0.0025895174682374,-0.0004486684055631,0.0008754596143426,-0.0012828210813759,0.2449396155363474,-0.6480559729728554,0.6426037623929722,0.2577309131540084,0.6426037623929722,0.2577309131540084,0.2449396155363474,-0.6480559729728554,0.0008754596143426,-0.0012828210813759,0.0025895174682374,-0.0004486684055631,0.2449396155363474,-0.6480559729728554,0.6426037623929722,0.2577309131540084,0.0025895174682374,-0.0004486684055631,0.0008754596143426,-0.0012828210813759,0.5298999999999999
-0.0013403948412922,-0.0024729287568074,0.0008053946656667,-0.0024708178770318,0.6537976415730197,-0.2291162582623316,-0.2420305468960455,-0.6492674549299108,0.0008053946656667,-0.0024708178770318,-0.0013403948412922,-0.0024729287568074,-0.2420305468960455,-0.6492674549299108,0.6537976415730197,-0.2291162582623316,0.6537976415730197,-0.2291162582623316,-0.2420305468960455,-0.6492674549299108,-0.0013403948412922,-0.0024729287568074,0.0008053946656667,-0.0024708178770318,-0.2420305468960455,-0.6492674549299108,0.6537976415730197,-0.2291162582623316,0.0008053946656667,-0.0024708178770318,-0.0013403948412922,-0.0024729287568074,0.5299999999999999
-0.0033731657893205,-0.0011049375130442,-0.0017598805506748,-0.0018438712122939,0.341611764076927,-0.6032129951952164,-0.6095925311354286,-0.3299519386828899,-0.0017598805506748,-0.0018438712122939,-0.0033731657893205,-0.0011049375130442,-0.6095925311354286,-0.3299519386828899,0.341611764076927,-0.6032129951952164,0.341611764076927,-0.6032129951952164,-0.6095925311354286,-0.3299519386828899,-0.0033731657893205,-0.0011049375130442,-0.0017598805506748,-0.0018438712122939,-0.6095925311354286,-0.3299519386828899,0.341611764076927,-0.6032129951952164,-0.0017598805506748,-0.0018438712122939,-0.0033731657893205,-0.0011049375130442,0.5301
-0.0031020243195608,0.0012615251165615,-0.002383165536423,0.0006660731248309,-0.1398843039432478,-0.6793409493586111,-0.6765724977152748,0.1524204121248983,-0.002383165536423,0.0006660731248309,-0.0031020243195608,0.0012615251165615,-0.6765724977152748,0.1524204121248983,-0.1398843039432478,-0.6793409493586111,-0.1398843039432478,-0.6793409493586111,-0.6765724977152748,0.1524204121248983,-0.0031020243195608,0.0012615251165615,-0.002383165536423,0.0006660731248309,-0.6765724977152748,0.1524204121248983,-0.1398843039432478,-0.6793409493586111,-0.002383165536423,0.0006660731248309,-0.0031020243195608,0.0012615251165615,0.5302
-0.0009237781640301,0.0020759094928977,-0.000489294617444,0.0023481311304844,-0.5525135066785262,-0.4196498713397908,-0.4097203521193224,0.5600676589602702,-0.000489294617444,0.0023481311304844,-0.0009237781640301,0.0020759094928977,-0.4097203521193224,0.5600676589602702,-0.5525135066785262,-0.4196498713397908,-0.5525135066785262,-0.4196498713397908,-0.4097203521193224,0.5600676589602702,-0.0009237781640301,0.0020759094928977,-0.000489294617444,0.0023481311304844,-0.4097203521193224,0.5600676589602702,-0.5525135066785262,-0.4196498713397908,-0.000489294617444,0.0023481311304844,-0.0009237781640301,0.0020759094928977,0.5303
0.0007632139733297,0.000527597191395,0.0018310009389823,0.0014696803390408,-0.6922851902856165,0.0472988709302308,0.0595919132931389,0.6917168202116502,0.0018310009389823,0.0014696803390408,0.0007632139733297,0.000527597191395,0.0595919132931389,0.6917168202116502,-0.6922851902856165,0.0472988709302308,-0.6922851902856165,0.0472988709302308,0.0595919132931389,0.6917168202116502,0.0007632139733297,0.000527597191395,0.0018310009389823,0.0014696803390408,0.0595919132931389,0.6917168202116502,-0.6922851902856165,0.0472988709302308,0.0018310009389823,0.0014696803390408,0.0007632139733297,0.000527597191395,0.5304
0.000163465393398,-0.001664755419288,0.0021236706605776,-0.0009421651551386,-0.4906122783030185,0.4907526630649011,0.4997783181298923,0.4822270342182309,0.0021236706605776,-0.0009421651551386,0.000163465393398,-0.001664755419288,0.4997783181298923,0.4822270342182309,-0.4906122783030185,0.4907526630649011,-0.4906122783030185,0.4907526630649011,0.4997783181298923,0.4822270342182309,0.000163465393398,-0.001664755419288,0.0021236706605776,-0.0009421651551386,0.4997783181298923,0.4822270342182309,-0.4906122783030185,0.4907526630649011,0.0021236706605776,-0.0009421651551386,0.000163465393398,-0.001664755419288,0.5305
-0.0020465535771237,-0.002153728923088,0.0001663775747169,-0.0022917874762179,-0.0474271630374269,0.6923884910995115,0.6936959590961788,0.0350871396709922,0.0001663775747169,-0.0022917874762179,-0.0020465535771237,-0.002153728923088,0.6936959590961788,0.0350871396709922,-0.0474271630374269,0.6923884910995115,-0.0474271630374269,0.6923884910995115,0.6936959590961788,0.0350871396709922,-0.0020465535771237,-0.002153728923088,0.0001663775747169,-0.0022917874762179,0.6936959590961788,0.0350871396709922,-0.0474271630374269,0.6923884910995115,0.0001663775747169,-0.0022917874762179,-0.0020465535771237,-0.002153728923088,0.5306
-0.003513790351795,-0.0004517331391889,-0.0018906852529652,-0.0012106540216016,0.4190896830623052,0.5534450000988911,0.5461683830554095,-0.4291734892101557,-0.0018906852529652,-0.0012106540216016,-0.003513790351795,-0.0004517331391889,0.5461683830554095,-0.4291734892101557,0.4190896830623052,0.5534450000988911,0.4190896830623052,0.5534450000988911,0.5461683830554095,-0.4291734892101557,-0.003513790351795,-0.0004517331391889,-0.0018906852529652,-0.0012106540216016,0.5461683830554095,-0.4291734892101557,0.4190896830623052,0.5534450000988911,-0.0018906852529652,-0.0012106540216016,-0.003513790351795,-0.0004517331391889,0.5307
-0.0027317527886519,0.0016192598298954,-0.0018898786497174,0.0010574688266221,0.6798151484359463,0.1423248322467221,0.130288943921691,-0.6823563872557183,-0.0018898786497174,0.0010574688266221,-0.0027317527886519,0.0016192598298954,0.130288943921691,-0.6823563872557183,0.6798151484359463,0.1423248322467221,0.6798151484359463,0.1423248322467221,0.130288943921691,-0.6823563872557183,-0.0027317527886519,0.0016192598298954,-0.0018898786497174,0.0010574688266221,0.130288943921691,-0.6823563872557183,0.6798151484359463,0.1423248322467221,-0.0018898786497174,0.0010574688266221,-0.0027317527886519,0.0016192598298954,0.5307999999999999
-0.0005895810895316,0.0019110902751319,6.714565291685293e-05,0.0020850534766286,0.6065763472071299,-0.3391575259949773,-0.3495274295172975,-0.6005484515119124,6.714565291685293e-05,0.0020850534766286,-0.0005895810895316,0.0019110902751319,-0.3495274295172975,-0.6005484515119124,0.6065763472071299,-0.3391575259949773,0.6065763472071299,-0.3391575259949773,-0.3495274295172975,-0.6005484515119124,-0.0005895810895316,0.0019110902751319,6.714565291685293e-05,0.0020850534766286,-0.3495274295172975,-0.6005484515119124,0.6065763472071299,-0.3391575259949773,6.714565291685293e-05,0.0020850534766286,-0.0005895810895316,0.0019110902751319,0.5308999999999999
0.0006380229106734,0.0002072637845548,0.0018391802599356,0.0008651225799949,0.2350505862196374,-0.6543882160303902,-0.6580488253636235,-0.2240564422956963,0.0018391802599356,0.0008651225799949,0.0006380229106734,0.0002072637845548,-0.6580488253636235,-0.2240564422956963,0.2350505862196374,-0.6543882160303902,0.2350505862196374,-0.6543882160303902,-0.6580488253636235,-0.2240564422956963,0.0006380229106734,0.0002072637845548,0.0018391802599356,0.0008651225799949,-0.6580488253636235,-0.2240564422956963,0.2350505862196374,-0.6543882160303902,0.0018391802599356,0.0008651225799949,0.0006380229106734,0.0002072637845548,0.5309999999999999
-0.0002816395507621,-0.0016159010379552,0.0015936063234135,-0.0012122282072385,-0.2522611262248029,-0.6482200534504453,-0.6440011895052059,0.2626399523505123,0.0015936063234135,-0.0012122282072385,-0.0002816395507621,-0.0016159010379552,-0.6440011895052059,0.2626399523505123,-0.2522611262248029,-0.6482200534504453,-0.2522611262248029,-0.6482200534504453,-0.6440011895052059,0.2626399523505123,-0.0002816395507621,-0.0016159010379552,0.0015936063234135,-0.0012122282072385,-0.6440011895052059,0.2626399523505123,-0.2522611262248029,-0.6482200534504453,0.0015936063234135,-0.0012122282072385,-0.0002816395507621,-0.0016159010379552,0.5310999999999999
-0.0022824063594949,-0.0016269087131906,-0.0003021265584624,-0.0019451865809135,-0.615789222559002,-0.3237248008321058,-0.3140485327612891,0.6209248664548735,-0.0003021265584624,-0.0019451865809135,-0.0022824063594949,-0.0016269087131906,-0.3140485327612891,0.6209248664548735,-0.615789222559002,-0.3237248008321058,-0.615789222559002,-0.3237248008321058,-0.3140485327612891,0.6209248664548735,-0.0022824063594949,-0.0016269087131906,-0.0003021265584624,-0.0019451865809135,-0.3140485327612891,0.6209248664548735,-0.615789222559002,-0.3237248008321058,-0.0003021265584624,-0.0019451865809135,-0.0022824063594949,-0.0016269087131906,0.5312
-0.0031952292460255,0.0001308266203405,-0.0017945347329284,-0.0006532416070208,-0.6772157518899212,0.1594630090536908,0.1701035615582958,0.6749569358305982,-0.0017945347329284,-0.0006532416070208,-0.0031952292460255,0.0001308266203405,0.1701035615582958,0.6749569358305982,-0.6772157518899212,0.1594630090536908,-0.6772157518899212,0.1594630090536908,0.1701035615582958,0.6749569358305982,-0.0031952292460255,0.0001308266203405,-0.0017945347329284,-0.0006532416070208,0.1701035615582958,0.6749569358305982,-0.6772157518899212,0.1594630090536908,-0.0017945347329284,-0.0006532416070208,-0.0031952292460255,0.0001308266203405,0.5313
-0.0020639848970466,0.0017486229978123,-0.0013701939651958,0.0012157595296466,-0.4069478931443145,0.5643649997659095,0.57100024589968,0.3982840484106343,-0.0013701939651958,0.0012157595296466,-0.0020639848970466,0.0017486229978123,0.57100024589968,0.3982840484106343,-0.4069478931443145,0.5643649997659095,-0.4069478931443145,0.5643649997659095,0.57100024589968,0.3982840484106343,-0.0020639848970466,0.0017486229978123,-0.0013701939651958,0.0012157595296466,0.57100024589968,0.3982840484106343,-0.4069478931443145,0.5643649997659095,-0.0013701939651958,0.0012157595296466,-0.0020639848970466,0.0017486229978123,0.5314
-0.0001111242562103,0.0015179366209965,0.0004237477628495,0.001710147301055,0.0623377181312816,0.6931180802091811,0.6923635391575101,-0.0732565741878118,0.0004237477628495,0.001710147301055,-0.0001111242562103,0.0015179366209965,0.6923635391575101,-0.0732565741878118,0.0623377181312816,0.6931180802091811,0.0623377181312816,0.6931180802091811,0.6923635391575101,-0.0732565741878118,-0.0001111242562103,0.0015179366209965,0.0004237477628495,0.001710147301055,0.6923635391575101,-0.0732565741878118,0.0623377181312816,0.6931180802091811,0.0004237477628495,0.001710147301055,-0.0001111242562103,0.0015179366209965,0.5315
0.000616182761609,-0.0002847835230733,0.001672258254806,0.0004037242089369,0.5012626531400107,0.4830934837828086,0.4752813195404581,-0.5088217818745439,0.001672258254806,0.0004037242089369,0.000616182761609,-0.0002847835230733,0.4752813195404581,-0.5088217818745439,0.5012626531400107,0.4830934837828086,0.5012626531400107,0.4830934837828086,0.4752813195404581,-0.5088217818745439,0.000616182761609,-0.0002847835230733,0.001672258254806,0.0004037242089369,0.4752813195404581,-0.5088217818745439,0.5012626531400107,0.4830934837828086,0.001672258254806,0.0004037242089369,0.000616182761609,-0.0002847835230733,0.5316
-0.0005850426300288,-0.0017574688126971,0.0011316278617467,-0.0012666221441788,0.6955183959990628,0.0368558592059862,0.0262153679977882,-0.6958862641337452,0.0011316278617467,-0.0012666221441788,-0.0005850426300288,-0.0017574688126971,0.0262153679977882,-0.6958862641337452,0.6955183959990628,0.0368558592059862,0.6955183959990628,0.0368558592059862,0.0262153679977882,-0.6958862641337452,-0.0005850426300288,-0.0017574688126971,0.0011316278617467,-0.0012666221441788,0.0262153679977882,-0.6958862641337452,0.6955183959990628,0.0368558592059862,0.0011316278617467,-0.0012666221441788,-0.0005850426300288,-0.0017574688126971,0.5317
-0.0023936440095477,-0.0014167252614255,-0.0005467950068719,-0.0015766306997543,0.5500846523834783,-0.427765850301501,-0.4357001498559356,-0.5435090096307923,-0.0005467950068719,-0.0015766306997543,-0.0023936440095477,-0.0014167252614255,-0.4357001498559356,-0.5435090096307923,0.5500846523834783,-0.427765850301501,0.5500846523834783,-0.427765850301501,-0.4357001498559356,-0.5435090096307923,-0.0023936440095477,-0.0014167252614255,-0.0005467950068719,-0.0015766306997543,-0.4357001498559356,-0.5435090096307923,0.5500846523834783,-0.427765850301501,-0.0005467950068719,-0.0015766306997543,-0.0023936440095477,-0.0014167252614255,0.5317999999999999
-0.002921998345391,0.000279215653242,-0.0015888382326371,-0.0002835537791625,0.1358166965066063,-0.6837453386351382,-0.6853859642506128,-0.1260198484133091,-0.0015888382326371,-0.0002835537791625,-0.002921998345391,0.000279215653242,-0.6853859642506128,-0.1260198484133091,0.1358166965066063,-0.6837453386351382,0.1358166965066063,-0.6837453386351382,-0.6853859642506128,-0.1260198484133091,-0.002921998345391,0.000279215653242,-0.0015888382326371,-0.0002835537791625,-0.6853859642506128,-0.1260198484133091,0.1358166965066063,-0.6837453386351382,-0.0015888382326371,-0.0002835537791625,-0.002921998345391,0.000279215653242,0.5318999999999999
-0.0016982385661504,0.0014921276461325,-0.0009629802207661,0.0012077459252769,-0.3449057388382693,-0.6059858099550463,-0.6010835210383079,0.3531993366509763,-0.0009629802207661,0.0012077459252769,-0.0016982385661504,0.0014921276461325,-0.6010835210383079,0.3531993366509763,-0.3449057388382693,-0.6059858099550463,-0.3449057388382693,-0.6059858099550463,-0.6010835210383079,0.3531993366509763,-0.0016982385661504,0.0014921276461325,-0.0009629802207661,0.0012077459252769,-0.6010835210383079,0.3531993366509763,-0.3449057388382693,-0.6059858099550463,-0.0009629802207661,0.0012077459252769,-0.0016982385661504,0.0014921276461325,0.5319999999999999
-9.100067335365393e-05,0.0009702031065964,0.0006059354446797,0.0013604141928147,-0.6573708862185313,-0.2326695493239114,-0.2237491751690966,0.660549362424465,0.0006059354446797,0.0013604141928147,-9.100067335365393e-05,0.0009702031065964,-0.2237491751690966,0.660549362424465,-0.6573708862185313,-0.2326695493239114,-0.6573708862185313,-0.2326695493239114,-0.2237491751690966,0.660549362424465,-9.100067335365393e-05,0.0009702031065964,0.0006059354446797,0.0013604141928147,-0.2237491751690966,0.660549362424465,-0.6573708862185313,-0.2326695493239114,0.0006059354446797,0.0013604141928147,-9.100067335365393e-05,0.0009702031065964,0.5321
0.0001885184090274,-0.0006821732280186,0.0014617488257787,8.376868645756447e-05,-0.6495160706753645,0.2538603538858006,0.2626897855424003,0.6462117986921412,0.0014617488257787,8.376868645756447e-05,0.0001885184090274,-0.0006821732280186,0.2626897855424003,0.6462117986921412,-0.6495160706753645,0.2538603538858006,-0.6495160706753645,0.2538603538858006,0.2626897855424003,0.6462117986921412,0.0001885184090274,-0.0006821732280186,0.0014617488257787,8.376868645756447e-05,0.2626897855424003,0.6462117986921412,-0.6495160706753645,0.2538603538858006,0.0014617488257787,8.376868645756447e-05,0.0001885184090274,-0.0006821732280186,0.5322
-0.0011300729451543,-0.0017075929401143,0.0007602361273782,-0.0012397604600242,-0.3256658600997241,0.6167311184248928,0.6212496343937528,0.3173876881246808,0.0007602361273782,-0.0012397604600242,-0.0011300729451543,-0.0017075929401143,0.6212496343937528,0.3173876881246808,-0.3256658600997241,0.6167311184248928,-0.3256658600997241,0.6167311184248928,0.6212496343937528,0.3173876881246808,-0.0011300729451543,-0.0017075929401143,0.0007602361273782,-0.0012397604600242,0.6212496343937528,0.3173876881246808,-0.3256658600997241,0.6167311184248928,0.0007602361273782,-0.0012397604600242,-0.0011300729451543,-0.0017075929401143,0.5323
-0.0026556831294555,-0.0010547907402921,-0.0006976435833314,-0.0012467972204866,0.156461632278457,0.6798224387833379,0.677721211281893,-0.1656112680370488,-0.0006976435833314,-0.0012467972204866,-0.0026556831294555,-0.0010547907402921,0.677721211281893,-0.1656112680370488,0.156461632278457,0.6798224387833379,0.156461632278457,0.6798224387833379,0.677721211281893,-0.1656112680370488,-0.0026556831294555,-0.0010547907402921,-0.0006976435833314,-0.0012467972204866,0.677721211281893,-0.1656112680370488,0.156461632278457,0.6798224387833379,-0.0006976435833314,-0.0012467972204866,-0.0026556831294555,-0.0010547907402921,0.5324
-0.0028319465214175,0.0005681411700807,-0.0013718222096643,-1.930297023216237e-06,0.5627422342190916,0.4126845676918003,0.405133656159902,-0.5680603953044542,-0.0013718222096643,-1.930297023216237e-06,-0.0028319465214175,0.0005681411700807,0.405133656159902,-0.5680603953044542,0.5627422342190916,0.4126845676918003,0.5627422342190916,0.4126845676918003,0.405133656159902,-0.5680603953044542,-0.0028319465214175,0.0005681411700807,-0.0013718222096643,-1.930297023216237e-06,0.405133656159902,-0.5680603953044542,0.5627422342190916,0.4126845676918003,-0.0013718222096643,-1.930297023216237e-06,-0.0028319465214175,0.0005681411700807,0.5325
-0.0015399128871502,0.001489969801748,-0.0006164036742083,0.001142037016776,0.6959643162320699,-0.0550446284024139,-0.0639536550039668,-0.6949337609128463,-0.0006164036742083,0.001142037016776,-0.0015399128871502,0.001489969801748,-0.0639536550039668,-0.6949337609128463,0.6959643162320699,-0.0550446284024139,0.6959643162320699,-0.0550446284024139,-0.0639536550039668,-0.6949337609128463,-0.0015399128871502,0.001489969801748,-0.0006164036742083,0.001142037016776,-0.0639536550039668,-0.6949337609128463,0.6959643162320699,-0.0550446284024139,-0.0006164036742083,0.001142037016776,-0.0015399128871502,0.001489969801748,0.5326
-0.0001609778670329,0.0008267670153159,0.0007014395241146,0.001018880399537,0.4913323366871492,-0.4963486368448292,-0.502152865166876,-0.4849403338791426,0.0007014395241146,0.001018880399537,-0.0001609778670329,0.0008267670153159,-0.502152865166876,-0.4849403338791426,0.4913323366871492,-0.4963486368448292,0.4913323366871492,-0.4963486368448292,-0.502152865166876,-0.4849403338791426,-0.0001609778670329,0.0008267670153159,0.0007014395241146,0.001018880399537,-0.502152865166876,-0.4849403338791426,0.4913323366871492,-0.4963486368448292,0.0007014395241146,0.001018880399537,-0.0001609778670329,0.0008267670153159,0.5327
-9.954671518145796e-05,-0.0006463478190197,0.0011947931805239,-0.0001560560938119,0.0481367692215013,-0.6969313202679612,-0.6972013020614027,-0.0398284867870407,0.0011947931805239,-0.0001560560938119,-9.954671518145796e-05,-0.0006463478190197,-0.6972013020614027,-0.0398284867870407,0.0481367692215013,-0.6969313202679612,0.0481367692215013,-0.6969313202679612,-0.6972013020614027,-0.0398284867870407,-9.954671518145796e-05,-0.0006463478190197,0.0011947931805239,-0.0001560560938119,-0.6972013020614027,-0.0398284867870407,0.0481367692215013,-0.6969313202679612,0.0011947931805239,-0.0001560560938119,-9.954671518145796e-05,-0.0006463478190197,0.5327999999999999
-0.0013424346615116,-0.0013603604170392,0.000424220887922,-0.0011065611438296,-0.4184359369998431,-0.5595283588682989,-0.5545615949898002,0.4248055403882351,0.000424220887922,-0.0011065611438296,-0.0013424346615116,-0.0013603604170392,-0.5545615949898002,0.4248055403882351,-0.4184359369998431,-0.5595283588682989,-0.4184359369998431,-0.5595283588682989,-0.5545615949898002,0.4248055403882351,-0.0013424346615116,-0.0013603604170392,0.000424220887922,-0.0011065611438296,-0.5545615949898002,0.4248055403882351,-0.4184359369998431,-0.5595283588682989,0.000424220887922,-0.0011065611438296,-0.0013424346615116,-0.0013603604170392,0.5328999999999999
-0.0025319205610162,-0.0005969614352269,-0.0007273713203501,-0.0008888843038887,-0.682185168455747,-0.1510958535718281,-0.1433243795836,0.683877348117948,-0.0007273713203501,-0.0008888843038887,-0.0025319205610162,-0.0005969614352269,-0.1433243795836,0.683877348117948,-0.682185168455747,-0.1510958535718281,-0.682185168455747,-0.1510958535718281,-0.1433243795836,0.683877348117948,-0.0025319205610162,-0.0005969614352269,-0.0007273713203501,-0.0008888843038887,-0.1433243795836,0.683877348117948,-0.682185168455747,-0.1510958535718281,-0.0007273713203501,-0.0008888843038887,-0.0025319205610162,-0.0005969614352269,0.5329999999999999
-0.0024162912173297,0.0008077277016465,-0.0010699608253286,0.0001773440973773,-0.6157554615414892,0.330300229920929,0.3372819523611853,0.6120439199775772,-0.0010699608253286,0.0001773440973773,-0.0024162912173297,0.0008077277016465,0.3372819523611853,0.6120439199775772,-0.6157554615414892,0.330300229920929,-0.6157554615414892,0.330300229920929,0.3372819523611853,0.6120439199775772,-0.0024162912173297,0.0008077277016465,-0.0010699608253286,0.0001773440973773,0.3372819523611853,0.6120439199775772,-0.6157554615414892,0.330300229920929,-0.0010699608253286,0.0001773440973773,-0.0024162912173297,0.0008077277016465,0.5330999999999999
-0.0011313305298211,0.0013839241379374,-0.0003354616069438,0.0009527736569096,-0.2517155549243132,0.6519334177955376,0.654750342303303,0.2443726307542381,-0.0003354616069438,0.0009527736569096,-0.0011313305298211,0.0013839241379374,0.654750342303303,0.2443726307542381,-0.2517155549243132,0.6519334177955376,-0.2517155549243132,0.6519334177955376,0.654750342303303,0.2443726307542381,-0.0011313305298211,0.0013839241379374,-0.0003354616069438,0.0009527736569096,0.654750342303303,0.2443726307542381,-0.2517155549243132,0.6519334177955376,-0.0003354616069438,0.0009527736569096,-0.0011313305298211,0.0013839241379374,0.5332
-5.542996266713389e-06,0.0005588641435545,0.000649580173402,0.0006986023346858,0.2339194165940257,0.658706758334461,0.6559776474479386,-0.2411817317318468,0.000649580173402,0.0006986023346858,-5.542996266713389e-06,0.0005588641435545,0.6559776474479386,-0.2411817317318468,0.2339194165940257,0.658706758334461,0.2339194165940257,0.658706758334461,0.6559776474479386,-0.2411817317318468,-5.542996266713389e-06,0.0005588641435545,0.000649580173402,0.0006986023346858,0.6559776474479386,-0.2411817317318468,0.2339194165940257,0.658706758334461,0.000649580173402,0.0006986023346858,-5.542996266713389e-06,0.0005588641435545,0.5333
-0.000155547217661,-0.0007970961733132,0.0008960746397636,-0.0002380455029357,0.6067886481225305,0.3474730630135598,0.3407827140493294,-0.6102987688585062,0.0008960746397636,-0.0002380455029357,-0.000155547217661,-0.0007970961733132,0.3407827140493294,-0.6102987688585062,0.6067886481225305,0.3474730630135598,0.6067886481225305,0.3474730630135598,0.3407827140493294,-0.6102987688585062,-0.000155547217661,-0.0007970961733132,0.0008960746397636,-0.0002380455029357,0.3407827140493294,-0.6102987688585062,0.6067886481225305,0.3474730630135598,0.0008960746397636,-0.0002380455029357,-0.000155547217661,-0.0007970961733132,0.5334
-0.0013630163284849,-0.0013188407596173,0.0002342074907952,-0.0008808422980037,0.6869763684720646,-0.1316148496715925,-0.1386799907623729,-0.6852563392727863,0.0002342074907952,-0.0008808422980037,-0.0013630163284849,-0.0013188407596173,-0.1386799907623729,-0.6852563392727863,0.6869763684720646,-0.1316148496715925,0.6869763684720646,-0.1316148496715925,-0.1386799907623729,-0.6852563392727863,-0.0013630163284849,-0.0013188407596173,0.0002342074907952,-0.0008808422980037,-0.1386799907623729,-0.6852563392727863,0.6869763684720646,-0.1316148496715925,0.0002342074907952,-0.0008808422980037,-0.0013630163284849,-0.0013188407596173,0.5335
-0.0023602645884731,-0.0005496585690832,-0.0006108445420251,-0.0006343060886564,0.4357535890749029,-0.5473973935468384,-0.5514544553973797,-0.4300976028546856,-0.0006108445420251,-0.0006343060886564,-0.0023602645884731,-0.0005496585690832,-0.5514544553973797,-0.4300976028546856,0.4357535890749029,-0.5473973935468384,0.4357535890749029,-0.5473973935468384,-0.5514544553973797,-0.4300976028546856,-0.0023602645884731,-0.0005496585690832,-0.0006108445420251,-0.0006343060886564,-0.5514544553973797,-0.4300976028546856,0.4357535890749029,-0.5473973935468384,-0.0006108445420251,-0.0006343060886564,-0.0023602645884731,-0.0005496585690832,0.5336
-0.0021610288161679,0.0006445887969412,-0.0008059067423398,0.0001846933239953,-0.0256175324453186,-0.6993069230980318,-0.6988069428401966,0.0322868885276466,-0.0008059067423398,0.0001846933239953,-0.0021610288161679,0.0006445887969412,-0.6988069428401966,0.0322868885276466,-0.0256175324453186,-0.6993069230980318,-0.0256175324453186,-0.6993069230980318,-0.6988069428401966,0.0322868885276466,-0.0021610288161679,0.0006445887969412,-0.0008059067423398,0.0001846933239953,-0.6988069428401966,0.0322868885276466,-0.0256175324453186,-0.6993069230980318,-0.0008059067423398,0.0001846933239953,-0.0021610288161679,0.0006445887969412,0.5337
-0.0010394771796564,0.0010141150893227,-0.0002160100012957,0.0007362558993917,-0.4745879569177623,-0.514314205982716,-0.5098121940276281,0.4792729950437688,-0.0002160100012957,0.0007362558993917,-0.0010394771796564,0.0010141150893227,-0.5098121940276281,0.4792729950437688,-0.4745879569177623,-0.514314205982716,-0.4745879569177623,-0.514314205982716,-0.5098121940276281,0.4792729950437688,-0.0010394771796564,0.0010141150893227,-0.0002160100012957,0.0007362558993917,-0.5098121940276281,0.4792729950437688,-0.4745879569177623,-0.514314205982716,-0.0002160100012957,0.0007362558993917,-0.0010394771796564,0.0010141150893227,0.5337999999999999
-0.0001940652942227,0.0002023242050138,0.000525813633353,0.0005055020081034,-0.695034216010487,-0.0818853928966611,-0.0755378045153276,0.6957440396789175,0.000525813633353,0.0005055020081034,-0.0001940652942227,0.0002023242050138,-0.0755378045153276,0.6957440396789175,-0.695034216010487,-0.0818853928966611,-0.695034216010487,-0.0818853928966611,-0.0755378045153276,0.6957440396789175,-0.0001940652942227,0.0002023242050138,0.000525813633353,0.0005055020081034,-0.0755378045153276,0.6957440396789175,-0.695034216010487,-0.0818853928966611,0.000525813633353,0.0005055020081034,-0.0001940652942227,0.0002023242050138,0.5338999999999999
-0.0005005289583335,-0.0009334097349702,0.0006852394524248,-0.0002261134752847,-0.5813061465826517,0.3897597144921346,0.3949950792191999,0.5777770256776122,0.0006852394524248,-0.0002261134752847,-0.0005005289583335,-0.0009334097349702,0.3949950792191999,0.5777770256776122,-0.5813061465826517,0.3897597144921346,-0.5813061465826517,0.3897597144921346,0.3949950792191999,0.5777770256776122,-0.0005005289583335,-0.0009334097349702,0.0006852394524248,-0.0002261134752847,0.3949950792191999,0.5777770256776122,-0.5813061465826517,0.3897597144921346,0.0006852394524248,-0.0002261134752847,-0.0005005289583335,-0.0009334097349702,0.5339999999999999
-0.0016427584226018,-0.0012310334129564,0.0001468408641324,-0.0007069148033212,-0.188418312816437,0.674132891175867,0.675742095212906,0.1824098546301801,0.0001468408641324,-0.0007069148033212,-0.0016427584226018,-0.0012310334129564,0.675742095212906,0.1824098546301801,-0.188418312816437,0.674132891175867,-0.188418312816437,0.674132891175867,0.675742095212906,0.1824098546301801,-0.0016427584226018,-0.0012310334129564,0.0001468408641324,-0.0007069148033212,0.675742095212906,0.1824098546301801,-0.188418312816437,0.674132891175867,0.0001468408641324,-0.0007069148033212,-0.0016427584226018,-0.0012310334129564,0.5341
-0.0024714956009193,-0.0004019638400475,-0.0005102452795174,-0.0004820913428417,0.2949245796478055,0.6349688004099591,0.6322705240974347,-0.3003564726131267,-0.0005102452795174,-0.0004820913428417,-0.0024714956009193,-0.0004019638400475,0.6322705240974347,-0.3003564726131267,0.2949245796478055,0.6349688004099591,0.2949245796478055,0.6349688004099591,0.6322705240974347,-0.3003564726131267,-0.0024714956009193,-0.0004019638400475,-0.0005102452795174,-0.0004820913428417,0.6322705240974347,-0.3003564726131267,0.2949245796478055,0.6349688004099591,-0.0005102452795174,-0.0004820913428417,-0.0024714956009193,-0.0004019638400475,0.5342
-0.0021843329945334,0.0007080122322163,-0.0006293285843983,0.0001726814567793,0.6368989920946998,0.2911713138793676,0.2857658663797108,-0.6391079802261493,-0.0006293285843983,0.0001726814567793,-0.0021843329945334,0.0007080122322163,0.2857658663797108,-0.6391079802261493,0.6368989920946998,0.2911713138793676,0.6368989920946998,0.2911713138793676,0.2857658663797108,-0.6391079802261493,-0.0021843329945334,0.0007080122322163,-0.0006293285843983,0.0001726814567793,0.2857658663797108,-0.6391079802261493,0.6368989920946998,0.2911713138793676,-0.0006293285843983,0.0001726814567793,-0.0021843329945334,0.0007080122322163,0.5343
-0.0011186330165481,0.0010036828519031,-0.0001388657951137,0.0005748679495777,0.6735421057847609,-0.1923639470049238,-0.197637920202067,-0.6717620479796327,-0.0001388657951137,0.0005748679495777,-0.0011186330165481,0.0010036828519031,-0.197637920202067,-0.6717620479796327,0.6735421057847609,-0.1923639470049238,0.6735421057847609,-0.1923639470049238,-0.197637920202067,-0.6717620479796327,-0.0011186330165481,0.0010036828519031,-0.0001388657951137,0.0005748679495777,-0.197637920202067,-0.6717620479796327,0.6735421057847609,-0.1923639470049238,-0.0001388657951137,0.0005748679495777,-0.0011186330165481,0.0010036828519031,0.5344
-0.0003744444080504,0.0002479447789766,0.0004191870051886,0.0003526494197097,0.387344913686804,-0.5837830722306592,-0.5865227425167518,-0.3828199292621637,0.0004191870051886,0.0003526494197097,-0.0003744444080504,0.0002479447789766,-0.5865227425167518,-0.3828199292621637,0.387344913686804,-0.5837830722306592,0.387344913686804,-0.5837830722306592,-0.5865227425167518,-0.3828199292621637,-0.0003744444080504,0.0002479447789766,0.0004191870051886,0.0003526494197097,-0.5865227425167518,-0.3828199292621637,0.387344913686804,-0.5837830722306592,0.0004191870051886,0.0003526494197097,-0.0003744444080504,0.0002479447789766,0.5345
-0.0006806659020413,-0.0007292407728673,0.0004900885798622,-0.0002077582758858,-0.0843751231427515,-0.6955637546922455,-0.6948327220631021,0.0893758795754135,0.0004900885798622,-0.0002077582758858,-0.0006806659020413,-0.0007292407728673,-0.6948327220631021,0.0893758795754135,-0.0843751231427515,-0.6955637546922455,-0.0843751231427515,-0.6955637546922455,-0.6948327220631021,0.0893758795754135,-0.0006806659020413,-0.0007292407728673,0.0004900885798622,-0.0002077582758858,-0.6948327220631021,0.0893758795754135,-0.0843751231427515,-0.6955637546922455,0.0004900885798622,-0.0002077582758858,-0.0006806659020413,-0.0007292407728673,0.5346
-0.0016711181278489,-0.0009066377986374,6.506439383296766e-05,-0.0005195798216178,-0.5155973212125702,-0.4744576259516909,-0.4708540561212411,0.5188901097306649,6.506439383296766e-05,-0.0005195798216178,-0.0016711181278489,-0.0009066377986374,-0.4708540561212411,0.5188901097306649,-0.5155973212125702,-0.4744576259516909,-0.5155973212125702,-0.4744576259516909,-0.4708540561212411,0.5188901097306649,-0.0016711181278489,-0.0009066377986374,6.506439383296766e-05,-0.0005195798216178,-0.4708540561212411,0.5188901097306649,-0.5155973212125702,-0.4744576259516909,6.506439383296766e-05,-0.0005195798216178,-0.0016711181278489,-0.0009066377986374,0.5347
-0.002292669430211,-0.0001138385695442,-0.0003792053670588,-0.0003182545303074,-0.7001761655137416,-0.0266187054557128,-0.0218627559280318,0.7004156903625177,-0.0003792053670588,-0.0003182545303074,-0.002292669430211,-0.0001138385695442,-0.0218627559280318,0.7004156903625177,-0.7001761655137416,-0.0266187054557128,-0.7001761655137416,-0.0266187054557128,-0.0218627559280318,0.7004156903625177,-0.002292669430211,-0.0001138385695442,-0.0003792053670588,-0.0003182545303074,-0.0218627559280318,0.7004156903625177,-0.7001761655137416,-0.0266187054557128,-0.0003792053670588,-0.0003182545303074,-0.002292669430211,-0.0001138385695442,0.5347999999999999
-0.001896620293361,0.0008234677216585,-0.0004217216124374,0.0001269301166537,-0.5502998075182849,0.4337798020815367,0.437488383503278,0.5474784729329094,-0.0004217216124374,0.0001269301166537,-0.001896620293361,0.0008234677216585,0.437488383503278,0.5474784729329094,-0.5502998075182849,0.4337798020815367,-0.5502998075182849,0.4337798020815367,0.437488383503278,0.5474784729329094,-0.001896620293361,0.0008234677216585,-0.0004217216124374,0.0001269301166537,0.437488383503278,0.5474784729329094,-0.5502998075182849,0.4337798020815367,-0.0004217216124374,0.0001269301166537,-0.001896620293361,0.0008234677216585,0.5348999999999999
-0.0008823457582981,0.0009522971794258,-9.27650832363821e-05,0.0003654784048083,-0.1378501679879704,0.6870936881538939,0.688035959044495,0.1334152376424523,-9.27650832363821e-05,0.0003654784048083,-0.0008823457582981,0.0009522971794258,0.688035959044495,0.1334152376424523,-0.1378501679879704,0.6870936881538939,-0.1378501679879704,0.6870936881538939,0.688035959044495,0.1334152376424523,-0.0008823457582981,0.0009522971794258,-9.27650832363821e-05,0.0003654784048083,0.688035959044495,0.1334152376424523,-0.1378501679879704,0.6870936881538939,-9.27650832363821e-05,0.0003654784048083,-0.0008823457582981,0.0009522971794258,0.5349999999999999
-0.0002582502842832,0.0001566673501044,0.0002452298464243,0.0002240393246904,0.340343258976617,0.6127261136625171,0.6106112264385254,-0.3441540276735684,0.0002452298464243,0.0002240393246904,-0.0002582502842832,0.0001566673501044,0.6106112264385254,-0.3441540276735684,0.340343258976617,0.6127261136625171,0.340343258976617,0.6127261136625171,0.6106112264385254,-0.3441540276735684,-0.0002582502842832,0.0001566673501044,0.0002452298464243,0.0002240393246904,0.6106112264385254,-0.3441540276735684,0.340343258976617,0.6127261136625171,0.0002452298464243,0.0002240393246904,-0.0002582502842832,0.0001566673501044,0.5350999999999999
-0.0006092754356426,-0.0007593541501205,0.0003005094999005,-0.0001001271735245,0.6563603686124748,0.2462673224519915,0.2423882437655594,-0.6577824847638823,0.0003005094999005,-0.0001001271735245,-0.0006092754356426,-0.0007593541501205,0.2423882437655594,-0.6577824847638823,0.6563603686124748,0.2462673224519915,0.6563603686124748,0.2462673224519915,0.2423882437655594,-0.6577824847638823,-0.0006092754356426,-0.0007593541501205,0.0003005094999005,-0.0001001271735245,0.2423882437655594,-0.6577824847638823,0.6563603686124748,0.2462673224519915,0.0003005094999005,-0.0001001271735245,-0.0006092754356426,-0.0007593541501205,0.5351999999999999
-0.0015345981902781,-0.0009111259270867,8.543342685959214e-05,-0.0003024313708633,0.6596785546525952,-0.2375787436364867,-0.2412195320794227,-0.6583483485325158,8.543342685959214e-05,-0.0003024313708633,-0.0015345981902781,-0.0009111259270867,-0.2412195320794227,-0.6583483485325158,0.6596785546525952,-0.2375787436364867,0.6596785546525952,-0.2375787436364867,-0.2412195320794227,-0.6583483485325158,-0.0015345981902781,-0.0009111259270867,8.543342685959214e-05,-0.0003024313708633,-0.2412195320794227,-0.6583483485325158,0.6596785546525952,-0.2375787436364867,8.543342685959214e-05,-0.0003024313708633,-0.0015345981902781,-0.0009111259270867,0.5353
-0.0020911718458998,-0.0002117526531602,-0.0001758570043434,-0.0002469813537574,0.3488590369833089,-0.608289119246034,-0.6101356011551449,-0.3457359494119091,-0.0001758570043434,-0.0002469813537574,-0.0020911718458998,-0.0002117526531602,-0.6101356011551449,-0.3457359494119091,0.3488590369833089,-0.608289119246034,0.3488590369833089,-0.608289119246034,-0.6101356011551449,-0.3457359494119091,-0.0020911718458998,-0.0002117526531602,-0.0001758570043434,-0.0002469813537574,-0.6101356011551449,-0.3457359494119091,0.3488590369833089,-0.608289119246034,-0.0001758570043434,-0.0002469813537574,-0.0020911718458998,-0.0002117526531602,0.5354
-0.0017501536881778,0.00058115313554,-0.0002748818177848,-2.246077783541242e-05,-0.1278971418471589,-0.689484352815779,-0.6890075662080638,0.1312833438928835,-0.0002748818177848,-2.246077783541242e-05,-0.0017501536881778,0.00058115313554,-0.6890075662080638,0.1312833438928835,-0.1278971418471589,-0.689484352815779,-0.1278971418471589,-0.689484352815779,-0.6890075662080638,0.1312833438928835,-0.0017501536881778,0.00058115313554,-0.0002748818177848,-2.246077783541242e-05,-0.6890075662080638,0.1312833438928835,-0.1278971418471589,-0.689484352815779,-0.0002748818177848,-2.246077783541242e-05,-0.0017501536881778,0.00058115313554,0.5355
-0.0008993557470219,0.000651015231122,-0.0001603213050642,0.0001774291525428,-0.5436807004185742,-0.442877887603572,-0.4405156538011429,0.5459309049720857,-0.0001603213050642,0.0001774291525428,-0.0008993557470219,0.000651015231122,-0.4405156538011429,0.5459309049720857,-0.5436807004185742,-0.442877887603572,-0.5436807004185742,-0.442877887603572,-0.4405156538011429,0.5459309049720857,-0.0008993557470219,0.000651015231122,-0.0001603213050642,0.0001774291525428,-0.4405156538011429,0.5459309049720857,-0.5436807004185742,-0.442877887603572,-0.0001603213050642,0.0001774291525428,-0.0008993557470219,0.000651015231122,0.5356
-0.0004247207267914,-6.972209977882333e-05,5.964851367215047e-05,0.0002031372125185,-0.7010826591753736,0.0139575890357432,0.0170881851682642,0.7013504469653077,5.964851367215047e-05,0.0002031372125185,-0.0004247207267914,-6.972209977882333e-05,0.0170881851682642,0.7013504469653077,-0.7010826591753736,0.0139575890357432,-0.7010826591753736,0.0139575890357432,0.0170881851682642,0.7013504469653077,-0.0004247207267914,-6.972209977882333e-05,5.964851367215047e-05,0.0002031372125185,0.0170881851682642,0.7013504469653077,-0.7010826591753736,0.0139575890357432,5.964851367215047e-05,0.0002031372125185,-0.0004247207267914,-6.972209977882333e-05,0.5357
-0.0008204725459826,-0.0008558713837765,0.0002073754315421,4.3972424259209536e-05,-0.5257668543263164,0.4640059197723128,0.4665018198804712,0.5240533975060477,0.0002073754315421,4.3972424259209536e-05,-0.0008204725459826,-0.0008558713837765,0.4665018198804712,0.5240533975060477,-0.5257668543263164,0.4640059197723128,-0.5257668543263164,0.4640059197723128,0.4665018198804712,0.5240533975060477,-0.0008204725459826,-0.0008558713837765,0.0002073754315421,4.3972424259209536e-05,0.4665018198804712,0.5240533975060477,-0.5257668543263164,0.4640059197723128,0.0002073754315421,4.3972424259209536e-05,-0.0008204725459826,-0.0008558713837765,0.5357999999999999
-0.0017101202132517,-0.0009229532601339,0.0001649054994594,-0.0001674090568263,-0.1011990336885339,0.6939495691242522,0.6947290294020879,0.0984167937436122,0.0001649054994594,-0.0001674090568263,-0.0017101202132517,-0.0009229532601339,0.6947290294020879,0.0984167937436122,-0.1011990336885339,0.6939495691242522,-0.1011990336885339,0.6939495691242522,0.6947290294020879,0.0984167937436122,-0.0017101202132517,-0.0009229532601339,0.0001649054994594,-0.0001674090568263,0.6947290294020879,0.0984167937436122,-0.1011990336885339,0.6939495691242522,0.0001649054994594,-0.0001674090568263,-0.0017101202132517,-0.0009229532601339,0.5358999999999999
-0.0022318387585271,-0.000201959871796,-3.1476165546114734e-05,-0.0002551332590355,0.3712924414066429,0.5950336333982322,0.5939167293712588,-0.3737652654998137,-3.1476165546114734e-05,-0.0002551332590355,-0.0022318387585271,-0.000201959871796,0.5939167293712588,-0.3737652654998137,0.3712924414066429,0.5950336333982322,0.3712924414066429,0.5950336333982322,0.5939167293712588,-0.3737652654998137,-0.0022318387585271,-0.000201959871796,-3.1476165546114734e-05,-0.0002551332590355,0.5939167293712588,-0.3737652654998137,0.3712924414066429,0.5950336333982322,-3.1476165546114734e-05,-0.0002551332590355,-0.0022318387585271,-0.000201959871796,0.5359999999999999
-0.0018949730636684,0.0006014909608445,-0.0002159688306958,-0.0001458556813419,0.6679259153547019,0.214289846920499,0.2120438255699762,-0.6690337317190049,-0.0002159688306958,-0.0001458556813419,-0.0018949730636684,0.0006014909608445,0.2120438255699762,-0.6690337317190049,0.6679259153547019,0.214289846920499,0.6679259153547019,0.214289846920499,0.2120438255699762,-0.6690337317190049,-0.0018949730636684,0.0006014909608445,-0.0002159688306958,-0.0001458556813419,0.2120438255699762,-0.6690337317190049,0.6679259153547019,0.214289846920499,-0.0002159688306958,-0.0001458556813419,-0.0018949730636684,0.0006014909608445,0.5361
-0.001061347767493,0.0007138512523362,-0.0002336033561463,6.674583588013563e-05,0.6483635064941384,-0.2678806823132746,-0.2701137182500892,-0.6478852592166187,-0.0002336033561463,6.674583588013563e-05,-0.001061347767493,0.0007138512523362,-0.2701137182500892,-0.6478852592166187,0.6483635064941384,-0.2678806823132746,0.6483635064941384,-0.2678806823132746,-0.2701137182500892,-0.6478852592166187,-0.001061347767493,0.0007138512523362,-0.0002336033561463,6.674583588013563e-05,-0.2701137182500892,-0.6478852592166187,0.6483635064941384,-0.2678806823132746,-0.0002336033561463,6.674583588013563e-05,-0.001061347767493,0.0007138512523362,0.5362
-0.0005763618771087,6.377473487450932e-05,-7.185149853032095e-05,0.0002044381055036,0.3220796235872317,-0.6232452585415812,-0.6246101822050025,-0.3205091418564142,-7.185149853032095e-05,0.0002044381055036,-0.0005763618771087,6.377473487450932e-05,-0.6246101822050025,-0.3205091418564142,0.3220796235872317,-0.6232452585415812,0.3220796235872317,-0.6232452585415812,-0.6246101822050025,-0.3205091418564142,-0.0005763618771087,6.377473487450932e-05,-7.185149853032095e-05,0.0002044381055036,-0.6246101822050025,-0.3205091418564142,0.3220796235872317,-0.6232452585415812,-7.185149853032095e-05,0.0002044381055036,-0.0005763618771087,6.377473487450932e-05,0.5363
-0.0009171209130114,-0.0006530940421072,0.0001352757806637,0.0001545403639045,-0.156346530373721,-0.6838904894538799,-0.6840684984721866,0.1582588716697389,0.0001352757806637,0.0001545403639045,-0.0009171209130114,-0.0006530940421072,-0.6840684984721866,0.1582588716697389,-0.156346530373721,-0.6838904894538799,-0.156346530373721,-0.6838904894538799,-0.6840684984721866,0.1582588716697389,-0.0009171209130114,-0.0006530940421072,0.0001352757806637,0.0001545403639045,-0.6840684984721866,0.1582588716697389,-0.156346530373721,-0.6838904894538799,0.0001352757806637,0.0001545403639045,-0.0009171209130114,-0.0006530940421072,0.5364
-0.0017131222836449,-0.0006825750123975,0.0002194087821952,-4.537449071165436e-05,-0.5607267739600125,-0.4215293467505328,-0.4206277379816082,0.5622968674343153,0.0002194087821952,-4.537449071165436e-05,-0.0017131222836449,-0.0006825750123975,-0.4206277379816082,0.5622968674343153,-0.5607267739600125,-0.4215293467505328,-0.5607267739600125,-0.4215293467505328,-0.4206277379816082,0.5622968674343153,-0.0017131222836449,-0.0006825750123975,0.0002194087821952,-4.537449071165436e-05,-0.4206277379816082,0.5622968674343153,-0.5607267739600125,-0.4215293467505328,0.0002194087821952,-4.537449071165436e-05,-0.0017131222836449,-0.0006825750123975,0.5365
-0.0021267019902267,2.0917853091732855e-05,0.0001041192162696,-0.0002390780985621,-0.7003503869543677,0.0396010657383126,0.0411787606022479,0.7010718023173574,0.0001041192162696,-0.0002390780985621,-0.0021267019902267,2.0917853091732855e-05,0.0411787606022479,0.7010718023173574,-0.7003503869543677,0.0396010657383126,-0.7003503869543677,0.0396010657383126,0.0411787606022479,0.7010718023173574,-0.0021267019902267,2.0917853091732855e-05,0.0001041192162696,-0.0002390780985621,0.0411787606022479,0.7010718023173574,-0.7003503869543677,0.0396010657383126,0.0001041192162696,-0.0002390780985621,-0.0021267019902267,2.0917853091732855e-05,0.5366
-0.0017083103722953,0.0007492920693764,-0.0001342745455963,-0.0002611338307751,-0.5097499081867229,0.4818789123980642,0.4835086661474169,0.5094120243644563,-0.0001342745455963,-0.0002611338307751,-0.0017083103722953,0.0007492920693764,0.4835086661474169,0.5094120243644563,-0.5097499081867229,0.4818789123980642,-0.5097499081867229,0.4818789123980642,0.4835086661474169,0.5094120243644563,-0.0017083103722953,0.0007492920693764,-0.0001342745455963,-0.0002611338307751,0.4835086661474169,0.5094120243644563,-0.5097499081867229,0.4818789123980642,-0.0001342745455963,-0.0002611338307751,-0.0017083103722953,0.0007492920693764,0.5367
-0.0008539266133975,0.0007636184005562,-0.0003025531603867,-6.449141992741529e-05,-0.0790586688425203,0.6970225752063466,0.6980703380242773,0.0778829961191607,-0.0003025531603867,-6.449141992741529e-05,-0.0008539266133975,0.0007636184005562,0.6980703380242773,0.0778829961191607,-0.0790586688425203,0.6970225752063466,-0.0790586688425203,0.6970225752063466,0.6980703380242773,0.0778829961191607,-0.0008539266133975,0.0007636184005562,-0.0003025531603867,-6.449141992741529e-05,0.6980703380242773,0.0778829961191607,-0.0790586688425203,0.6970225752063466,-0.0003025531603867,-6.449141992741529e-05,-0.0008539266133975,0.0007636184005562,0.5367999999999999
-0.0003994524436295,4.4324440587923e-05,-0.0002283886185257,0.0002084287844559,0.3887864591710094,0.5839553727094535,0.5841049517736774,-0.3902387704860416,-0.0002283886185257,0.0002084287844559,-0.0003994524436295,4.4324440587923e-05,0.5841049517736774,-0.3902387704860416,0.3887864591710094,0.5839553727094535,0.3887864591710094,0.5839553727094535,0.5841049517736774,-0.3902387704860416,-0.0003994524436295,4.4324440587923e-05,-0.0002283886185257,0.0002084287844559,0.5841049517736774,-0.3902387704860416,0.3887864591710094,0.5839553727094535,-0.0002283886185257,0.0002084287844559,-0.0003994524436295,4.4324440587923e-05,0.5368999999999999
-0.0007721952071078,-0.0006956509589465,6.665609749354741e-05,0.0003040575210674,0.6736222066584172,0.1961046869455283,0.195478037361393,-0.6748053725142792,6.665609749354741e-05,0.0003040575210674,-0.0007721952071078,-0.0006956509589465,0.195478037361393,-0.6748053725142792,0.6736222066584172,0.1961046869455283,0.6736222066584172,0.1961046869455283,0.195478037361393,-0.6748053725142792,-0.0007721952071078,-0.0006956509589465,6.665609749354741e-05,0.0003040575210674,0.195478037361393,-0.6748053725142792,0.6736222066584172,0.1961046869455283,6.665609749354741e-05,0.0003040575210674,-0.0007721952071078,-0.0006956509589465,0.5369999999999999
-0.0015666412067463,-0.0007393304630202,0.0003271719668958,8.651499838881923e-05,0.641598614031463,-0.2839095347801429,-0.284981571671943,-0.642244156055249,0.0003271719668958,8.651499838881923e-05,-0.0015666412067463,-0.0007393304630202,-0.284981571671943,-0.642244156055249,0.641598614031463,-0.2839095347801429,0.641598614031463,-0.2839095347801429,-0.284981571671943,-0.642244156055249,-0.0015666412067463,-0.0007393304630202,0.0003271719668958,8.651499838881923e-05,-0.284981571671943,-0.642244156055249,0.641598614031463,-0.2839095347801429,0.0003271719668958,8.651499838881923e-05,-0.0015666412067463,-0.0007393304630202,0.5370999999999999
-0.0019678020468845,-8.707256234538832e-05,0.0002726233260666,-0.0002785777271447,0.3080445091776411,-0.6303488619659442,-0.6315851454352474,-0.3080801515303545,0.0002726233260666,-0.0002785777271447,-0.0019678020468845,-8.707256234538832e-05,-0.6315851454352474,-0.3080801515303545,0.3080445091776411,-0.6303488619659442,0.3080445091776411,-0.6303488619659442,-0.6315851454352474,-0.3080801515303545,-0.0019678020468845,-8.707256234538832e-05,0.0002726233260666,-0.0002785777271447,-0.6315851454352474,-0.3080801515303545,0.3080445091776411,-0.6303488619659442,0.0002726233260666,-0.0002785777271447,-0.0019678020468845,-8.707256234538832e-05,0.5371999999999999
-0.0015806653886262,0.000557543680717,-9.590895628338724e-05,-0.0004292388845933,-0.170020431325628,-0.6806312015843183,-0.6817703524931962,0.1706461142892801,-9.590895628338724e-05,-0.0004292388845933,-0.0015806653886262,0.000557543680717,-0.6817703524931962,0.1706461142892801,-0.170020431325628,-0.6806312015843183,-0.170020431325628,-0.6806312015843183,-0.6817703524931962,0.1706461142892801,-0.0015806653886262,0.000557543680717,-9.590895628338724e-05,-0.0004292388845933,-0.6817703524931962,0.1706461142892801,-0.170020431325628,-0.6806312015843183,-9.590895628338724e-05,-0.0004292388845933,-0.0015806653886262,0.000557543680717,0.5373
-0.0008230180955891,0.0005111003408906,-0.0004334367756612,-0.0001702218109365,-0.5680719020306588,-0.4115583830402134,-0.4122207376125252,0.5693105535916297,-0.0004334367756612,-0.0001702218109365,-0.0008230180955891,0.0005111003408906,-0.4122207376125252,0.5693105535916297,-0.5680719020306588,-0.4115583830402134,-0.5680719020306588,-0.4115583830402134,-0.4122207376125252,0.5693105535916297,-0.0008230180955891,0.0005111003408906,-0.0004334367756612,-0.0001702218109365,-0.4122207376125252,0.5693105535916297,-0.5680719020306588,-0.4115583830402134,-0.0004334367756612,-0.0001702218109365,-0.0008230180955891,0.0005111003408906,0.5374
-0.0004922805363151,-0.0001960190104236,-0.0003741019241201,0.0002764783916359,-0.6996389545706599,0.050297507666546,0.0504864613592494,0.7011353247223533,-0.0003741019241201,0.0002764783916359,-0.0004922805363151,-0.0001960190104236,0.0504864613592494,0.7011353247223533,-0.6996389545706599,0.050297507666546,-0.6996389545706599,0.050297507666546,0.0504864613592494,0.7011353247223533,-0.0004922805363151,-0.0001960190104236,-0.0003741019241201,0.0002764783916359,0.0504864613592494,0.7011353247223533,-0.6996389545706599,0.050297507666546,-0.0003741019241201,0.0002764783916359,-0.0004922805363151,-0.0001960190104236,0.5375
-0.0009524820596481,-0.0008544940724517,6.441381142462578e-05,0.0004553124738799,-0.5034511655780849,0.4884033220949114,0.4894946302095948,0.5046030262420252,6.441381142462578e-05,0.0004553124738799,-0.0009524820596481,-0.0008544940724517,0.4894946302095948,0.5046030262420252,-0.5034511655780849,0.4884033220949114,-0.5034511655780849,0.4884033220949114,0.4894946302095948,0.5046030262420252,-0.0009524820596481,-0.0008544940724517,6.441381142462578e-05,0.0004553124738799,0.4894946302095948,0.5046030262420252,-0.5034511655780849,0.4884033220949114,6.441381142462578e-05,0.0004553124738799,-0.0009524820596481,-0.0008544940724517,0.5376
-0.0017651845215037,-0.0007983615942241,0.0004535582220167,0.0001501738607152,-0.0716676586664776,0.6977647188907917,0.69938044607444,0.0719690891540168,0.0004535582220167,0.0001501738607152,-0.0017651845215037,-0.0007983615942241,0.69938044607444,0.0719690891540168,-0.0716676586664776,0.6977647188907917,-0.0716676586664776,0.6977647188907917,0.69938044607444,0.0719690891540168,-0.0017651845215037,-0.0007983615942241,0.0004535582220167,0.0001501738607152,0.69938044607444,0.0719690891540168,-0.0716676586664776,0.6977647188907917,0.0004535582220167,0.0001501738607152,-0.0017651845215037,-0.0007983615942241,0.5377
-0.0021356919881552,-8.050087872111312e-05,0.0003794003694316,-0.0003580853693038,0.3935427976107187,0.5806535753814681,0.5822031931037197,-0.3942517703384897,0.0003794003694316,-0.0003580853693038,-0.0021356919881552,-8.050087872111312e-05,0.5822031931037197,-0.3942517703384897,0.3935427976107187,0.5806535753814681,0.3935427976107187,0.5806535753814681,0.5822031931037197,-0.3942517703384897,-0.0021356919881552,-8.050087872111312e-05,0.0003794003694316,-0.0003580853693038,0.5822031931037197,-0.3942517703384897,0.3935427976107187,0.5806535753814681,0.0003794003694316,-0.0003580853693038,-0.0021356919881552,-8.050087872111312e-05,0.5378
-0.0017196507424546,0.0005841709236367,-0.0001142081277191,-0.0005542170597962,0.6746421344292118,0.1920874749944814,0.1930064560714425,-0.6761886878784145,-0.0001142081277191,-0.0005542170597962,-0.0017196507424546,0.0005841709236367,0.1930064560714425,-0.6761886878784145,0.6746421344292118,0.1920874749944814,0.6746421344292118,0.1920874749944814,0.1930064560714425,-0.6761886878784145,-0.0017196507424546,0.0005841709236367,-0.0001142081277191,-0.0005542170597962,0.1930064560714425,-0.6761886878784145,0.6746421344292118,0.1920874749944814,-0.0001142081277191,-0.0005542170597962,-0.0017196507424546,0.0005841709236367,0.5378999999999999
-0.0009681803923614,0.0005489859722441,-0.0005445327290333,-0.0002160440437174,0.6404299580265138,-0.2861061514326287,-0.2862591552048845,-0.6423674140894774,-0.0005445327290333,-0.0002160440437174,-0.0009681803923614,0.0005489859722441,-0.2862591552048845,-0.6423674140894774,0.6404299580265138,-0.2861061514326287,0.6404299580265138,-0.2861061514326287,-0.2862591552048845,-0.6423674140894774,-0.0009681803923614,0.0005489859722441,-0.0005445327290333,-0.0002160440437174,-0.2862591552048845,-0.6423674140894774,0.6404299580265138,-0.2861061514326287,-0.0005445327290333,-0.0002160440437174,-0.0009681803923614,0.0005489859722441,0.5379999999999999
-0.0006595658118403,-0.0001078420152688,-0.0004679248857952,0.000341354030787,0.3072241461167762,-0.6305154354640568,-0.6319135668204341,-0.3088271008205786,-0.0004679248857952,0.000341354030787,-0.0006595658118403,-0.0001078420152688,-0.6319135668204341,-0.3088271008205786,0.3072241461167762,-0.6305154354640568,0.3072241461167762,-0.6305154354640568,-0.6319135668204341,-0.3088271008205786,-0.0006595658118403,-0.0001078420152688,-0.0004679248857952,0.000341354030787,-0.6319135668204341,-0.3088271008205786,0.3072241461167762,-0.6305154354640568,-0.0004679248857952,0.000341354030787,-0.0006595658118403,-0.0001078420152688,0.5380999999999999
-0.0010996460194126,-0.000672996451337,6.556932257005356e-05,0.0005636845080473,-0.1691280076247651,-0.6806169535322617,-0.6828972123468796,0.1686901016917515,6.556932257005356e-05,0.0005636845080473,-0.0010996460194126,-0.000672996451337,-0.6828972123468796,0.1686901016917515,-0.1691280076247651,-0.6806169535322617,-0.1691280076247651,-0.6806169535322617,-0.6828972123468796,0.1686901016917515,-0.0010996460194126,-0.000672996451337,6.556932257005356e-05,0.0005636845080473,-0.6828972123468796,0.1686901016917515,-0.1691280076247651,-0.6806169535322617,6.556932257005356e-05,0.0005636845080473,-0.0010996460194126,-0.000672996451337,0.5382
-0.0018138863245918,-0.0005384366118726,0.0005409059648958,0.0002071165818903,-0.5663949361920114,-0.4134617377963864,-0.4156659141970196,0.5675752046042114,0.0005409059648958,0.0002071165818903,-0.0018138863245918,-0.0005384366118726,-0.4156659141970196,0.5675752046042114,-0.5663949361920114,-0.4134617377963864,-0.5663949361920114,-0.4134617377963864,-0.4156659141970196,0.5675752046042114,-0.0018138863245918,-0.0005384366118726,0.0005409059648958,0.0002071165818903,-0.4156659141970196,0.5675752046042114,-0.5663949361920114,-0.4134617377963864,0.0005409059648958,0.0002071165818903,-0.0018138863245918,-0.0005384366118726,0.5383
-0.002044121066399,0.0001739828218615,0.0004729483864388,-0.0004011870358414,-0.6996851999656426,0.0461171322501242,0.0451072462139391,0.7021315785225163,0.0004729483864388,-0.0004011870358414,-0.002044121066399,0.0001739828218615,0.0451072462139391,0.7021315785225163,-0.6996851999656426,0.0461171322501242,-0.6996851999656426,0.0461171322501242,0.0451072462139391,0.7021315785225163,-0.002044121066399,0.0001739828218615,0.0004729483864388,-0.0004011870358414,0.0451072462139391,0.7021315785225163,-0.6996851999656426,0.0461171322501242,0.0004729483864388,-0.0004011870358414,-0.002044121066399,0.0001739828218615,0.5384
-0.0015306190269877,0.0007446684976387,-0.0001039788193147,-0.0006589856860549,-0.5072964894490535,0.4840413274323596,0.4848384214328015,0.5099422141808723,-0.0001039788193147,-0.0006589856860549,-0.0015306190269877,0.0007446684976387,0.4848384214328015,0.5099422141808723,-0.5072964894490535,0.4840413274323596,-0.5072964894490535,0.4840413274323596,0.4848384214328015,0.5099422141808723,-0.0015306190269877,0.0007446684976387,-0.0001039788193147,-0.0006589856860549,0.4848384214328015,0.5099422141808723,-0.5072964894490535,0.4840413274323596,-0.0001039788193147,-0.0006589856860549,-0.0015306190269877,0.0007446684976387,0.5385
-0.0007726979542152,0.0005989921128216,-0.0006355718999361,-0.0002788716468163,-0.0790365812423706,0.6966885756081738,0.6990508598015694,0.0806631403538751,-0.0006355718999361,-0.0002788716468163,-0.0007726979542152,0.0005989921128216,0.6990508598015694,0.0806631403538751,-0.0790365812423706,0.6966885756081738,-0.0790365812423706,0.6966885756081738,0.6990508598015694,0.0806631403538751,-0.0007726979542152,0.0005989921128216,-0.0006355718999361,-0.0002788716468163,0.6990508598015694,0.0806631403538751,-0.0790365812423706,0.6966885756081738,-0.0006355718999361,-0.0002788716468163,-0.0007726979542152,0.0005989921128216,0.5386
-0.0005100819646696,-0.0001101565321796,-0.0005725056715073,0.0003945975735701,0.385818652161091,0.5854385530231587,0.5884189989822536,-0.3860102393766557,-0.0005725056715073,0.0003945975735701,-0.0005100819646696,-0.0001101565321796,0.5884189989822536,-0.3860102393766557,0.385818652161091,0.5854385530231587,0.385818652161091,0.5854385530231587,0.5884189989822536,-0.3860102393766557,-0.0005100819646696,-0.0001101565321796,-0.0005725056715073,0.0003945975735701,0.5884189989822536,-0.3860102393766557,0.385818652161091,0.5854385530231587,-0.0005725056715073,0.0003945975735701,-0.0005100819646696,-0.0001101565321796,0.5387
-0.0009695604396687,-0.0006710172770718,6.34072463220671e-05,0.0006870569117345,0.6712864313471086,0.2022866157263973,0.2046241679257749,-0.6733788126494779,6.34072463220671e-05,0.0006870569117345,-0.0009695604396687,-0.0006710172770718,0.2046241679257749,-0.6733788126494779,0.6712864313471086,0.2022866157263973,0.6712864313471086,0.2022866157263973,0.2046241679257749,-0.6733788126494779,-0.0009695604396687,-0.0006710172770718,6.34072463220671e-05,0.0006870569117345,0.2046241679257749,-0.6733788126494779,0.6712864313471086,0.2022866157263973,6.34072463220671e-05,0.0006870569117345,-0.0009695604396687,-0.0006710172770718,0.5388
-0.0016479515851855,-0.0005450105492788,0.0006527759882859,0.0002677386914285,0.6450317620714119,-0.2745940081398912,-0.2740391149080341,-0.6483059769012587,0.0006527759882859,0.0002677386914285,-0.0016479515851855,-0.0005450105492788,-0.2740391149080341,-0.6483059769012587,0.6450317620714119,-0.2745940081398912,0.6450317620714119,-0.2745940081398912,-0.2740391149080341,-0.6483059769012587,-0.0016479515851855,-0.0005450105492788,0.0006527759882859,0.0002677386914285,-0.2740391149080341,-0.6483059769012587,0.6450317620714119,-0.2745940081398912,0.0006527759882859,0.0002677386914285,-0.0016479515851855,-0.0005450105492788,0.5388999999999999
-0.0018395153382873,9.27375093957882e-05,0.0005784340676011,-0.0004742425293627,0.3196165940606581,-0.6238704764254518,-0.6256085787512907,-0.3226779391892492,0.0005784340676011,-0.0004742425293627,-0.0018395153382873,9.27375093957882e-05,-0.6256085787512907,-0.3226779391892492,0.3196165940606581,-0.6238704764254518,0.3196165940606581,-0.6238704764254518,-0.6256085787512907,-0.3226779391892492,-0.0018395153382873,9.27375093957882e-05,0.0005784340676011,-0.0004742425293627,-0.6256085787512907,-0.3226779391892492,0.3196165940606581,-0.6238704764254518,0.0005784340676011,-0.0004742425293627,-0.0018395153382873,9.27375093957882e-05,0.5389999999999999
-0.0013577930294809,0.0005478013354499,-0.0001223796586667,-0.0007840989540066,-0.1537412717176571,-0.6838345868217999,-0.6873074246767178,0.1524347914571823,-0.0001223796586667,-0.0007840989540066,-0.0013577930294809,0.0005478013354499,-0.6873074246767178,0.1524347914571823,-0.1537412717176571,-0.6838345868217999,-0.1537412717176571,-0.6838345868217999,-0.6873074246767178,0.1524347914571823,-0.0013577930294809,0.0005478013354499,-0.0001223796586667,-0.0007840989540066,-0.6873074246767178,0.1524347914571823,-0.1537412717176571,-0.6838345868217999,-0.0001223796586667,-0.0007840989540066,-0.0013577930294809,0.0005478013354499,0.5390999999999999
-0.0007168705557465,0.0003250703660246,-0.0007514164297588,-0.0003156061420096,-0.5556561036474561,-0.427108528479158,-0.4307589429683625,0.5569468857368347,-0.0007514164297588,-0.0003156061420096,-0.0007168705557465,0.0003250703660246,-0.4307589429683625,0.5569468857368347,-0.5556561036474561,-0.427108528479158,-0.5556561036474561,-0.427108528479158,-0.4307589429683625,0.5569468857368347,-0.0007168705557465,0.0003250703660246,-0.0007514164297588,-0.0003156061420096,-0.4307589429683625,0.5569468857368347,-0.5556561036474561,-0.427108528479158,-0.0007514164297588,-0.0003156061420096,-0.0007168705557465,0.0003250703660246,0.5391999999999999
-0.0005962117597095,-0.0003657640691344,-0.0006501827134889,0.0004775222488701,-0.700262838190852,0.0271278365137438,0.0250967189643144,0.7037094848765556,-0.0006501827134889,0.0004775222488701,-0.0005962117597095,-0.0003657640691344,0.0250967189643144,0.7037094848765556,-0.700262838190852,0.0271278365137438,-0.700262838190852,0.0271278365137438,0.0250967189643144,0.7037094848765556,-0.0005962117597095,-0.0003657640691344,-0.0006501827134889,0.0004775222488701,0.0250967189643144,0.7037094848765556,-0.700262838190852,0.0271278365137438,-0.0006501827134889,0.0004775222488701,-0.0005962117597095,-0.0003657640691344,0.5393
-0.0011418836271965,-0.0008301821716216,0.0001020517733586,0.0007831902485189,-0.5209949636138749,0.4686256410365563,0.4692801912086066,0.5250518264053079,0.0001020517733586,0.0007831902485189,-0.0011418836271965,-0.0008301821716216,0.4692801912086066,0.5250518264053079,-0.5209949636138749,0.4686256410365563,-0.5209949636138749,0.4686256410365563,0.4692801912086066,0.5250518264053079,-0.0011418836271965,-0.0008301821716216,0.0001020517733586,0.0007831902485189,0.4692801912086066,0.5250518264053079,-0.5209949636138749,0.4686256410365563,0.0001020517733586,0.0007831902485189,-0.0011418836271965,-0.0008301821716216,0.5394
-0.0018196897568932,-0.0006039302053142,0.000745625985409,0.0002721837988683,-0.1010373199228943,0.6933812399912542,0.6965403215804796,0.1038364883999551,0.000745625985409,0.0002721837988683,-0.0018196897568932,-0.0006039302053142,0.6965403215804796,0.1038364883999551,-0.1010373199228943,0.6933812399912542,-0.1010373199228943,0.6933812399912542,0.6965403215804796,0.1038364883999551,-0.0018196897568932,-0.0006039302053142,0.000745625985409,0.0002721837988683,0.6965403215804796,0.1038364883999551,-0.1010373199228943,0.6933812399912542,0.000745625985409,0.0002721837988683,-0.0018196897568932,-0.0006039302053142,0.5395
-0.0019680186081691,7.353055589309915e-05,0.0006173514258834,-0.0005471018313103,0.3653991258572158,0.5978249170259949,0.6021758700041122,-0.365213111220462,0.0006173514258834,-0.0005471018313103,-0.0019680186081691,7.353055589309915e-05,0.6021758700041122,-0.365213111220462,0.3653991258572158,0.5978249170259949,0.3653991258572158,0.5978249170259949,0.6021758700041122,-0.365213111220462,-0.0019680186081691,7.353055589309915e-05,0.0006173514258834,-0.0005471018313103,0.6021758700041122,-0.365213111220462,0.3653991258572158,0.5978249170259949,0.0006173514258834,-0.0005471018313103,-0.0019680186081691,7.353055589309915e-05,0.5396
-0.0014769695651827,0.0005141619288052,-0.0001628162535672,-0.0008438157848459,0.6629831031535725,0.2264284065382516,0.2300478372317445,-0.6656859871683576,-0.0001628162535672,-0.0008438157848459,-0.0014769695651827,0.0005141619288052,0.2300478372317445,-0.6656859871683576,0.6629831031535725,0.2264284065382516,0.6629831031535725,0.2264284065382516,0.2300478372317445,-0.6656859871683576,-0.0014769695651827,0.0005141619288052,-0.0001628162535672,-0.0008438157848459,0.2300478372317445,-0.6656859871683576,0.6629831031535725,0.2264284065382516,-0.0001628162535672,-0.0008438157848459,-0.0014769695651827,0.0005141619288052,0.5397
-0.0008899742797694,0.0002964115125146,-0.00081193216858,-0.0003132564013465,0.6546886971012449,-0.2491819376301915,-0.2480678790131253,-0.6592511414626268,-0.00081193216858,-0.0003132564013465,-0.0008899742797694,0.0002964115125146,-0.2480678790131253,-0.6592511414626268,0.6546886971012449,-0.2491819376301915,0.6546886971012449,-0.2491819376301915,-0.2480678790131253,-0.6592511414626268,-0.0008899742797694,0.0002964115125146,-0.00081193216858,-0.0003132564013465,-0.2480678790131253,-0.6592511414626268,0.6546886971012449,-0.2491819376301915,-0.00081193216858,-0.0003132564013465,-0.0008899742797694,0.0002964115125146,0.5398
-0.0008276245921017,-0.0003067151176097,-0.000678130087972,0.0005168856079436,0.3447427368229883,-0.6097168503047636,-0.6118648824843941,-0.3491156631433168,-0.000678130087972,0.0005168856079436,-0.0008276245921017,-0.0003067151176097,-0.6118648824843941,-0.3491156631433168,0.3447427368229883,-0.6097168503047636,0.3447427368229883,-0.6097168503047636,-0.6118648824843941,-0.3491156631433168,-0.0008276245921017,-0.0003067151176097,-0.000678130087972,0.0005168856079436,-0.6118648824843941,-0.3491156631433168,0.3447427368229883,-0.6097168503047636,-0.000678130087972,0.0005168856079436,-0.0008276245921017,-0.0003067151176097,0.5398999999999999
-0.0013425538190724,-0.0006285445419319,0.0001083292549869,0.0008205352937141,-0.1237634506676315,-0.6893401202738493,-0.6939408245673099,0.1217392560446029,0.0001083292549869,0.0008205352937141,-0.0013425538190724,-0.0006285445419319,-0.6939408245673099,0.1217392560446029,-0.1237634506676315,-0.6893401202738493,-0.1237634506676315,-0.6893401202738493,-0.6939408245673099,0.1217392560446029,-0.0013425538190724,-0.0006285445419319,0.0001083292549869,0.0008205352937141,-0.6939408245673099,0.1217392560446029,-0.1237634506676315,-0.6893401202738493,0.0001083292549869,0.0008205352937141,-0.0013425538190724,-0.0006285445419319,0.5399999999999999
-0.0018791286904109,-0.000311824453435,0.0007704219842734,0.0002940406008208,-0.5350995781031577,-0.4517674675156297,-0.4567133323226059,0.5365487122791102,0.0007704219842734,0.0002940406008208,-0.0018791286904109,-0.000311824453435,-0.4567133323226059,0.5365487122791102,-0.5350995781031577,-0.4517674675156297,-0.5350995781031577,-0.4517674675156297,-0.4567133323226059,0.5365487122791102,-0.0018791286904109,-0.000311824453435,0.0007704219842734,0.0002940406008208,-0.4567133323226059,0.5365487122791102,-0.5350995781031577,-0.4517674675156297,0.0007704219842734,0.0002940406008208,-0.0018791286904109,-0.000311824453435,0.5400999999999999
-0.0018657944976895,0.0003279366489573,0.0006520819699673,-0.0005479711046915,-0.7002176950261473,-0.0065879234268449,-0.0095138013392192,0.7045918917898671,0.0006520819699673,-0.0005479711046915,-0.0018657944976895,0.0003279366489573,-0.0095138013392192,0.7045918917898671,-0.7002176950261473,-0.0065879234268449,-0.7002176950261473,-0.0065879234268449,-0.0095138013392192,0.7045918917898671,-0.0018657944976895,0.0003279366489573,0.0006520819699673,-0.0005479711046915,-0.0095138013392192,0.7045918917898671,-0.7002176950261473,-0.0065879234268449,0.0006520819699673,-0.0005479711046915,-0.0018657944976895,0.0003279366489573,0.5402
-0.0013059454665205,0.0006465437832539,-0.0001390605247252,-0.000876429880614,-0.5435227012147639,0.4414136899568263,0.4419631342118122,0.5488634751619024,-0.0001390605247252,-0.000876429880614,-0.0013059454665205,0.0006465437832539,0.4419631342118122,0.5488634751619024,-0.5435227012147639,0.4414136899568263,-0.5435227012147639,0.4414136899568263,0.4419631342118122,0.5488634751619024,-0.0013059454665205,0.0006465437832539,-0.0001390605247252,-0.000876429880614,0.4419631342118122,0.5488634751619024,-0.5435227012147639,0.4414136899568263,-0.0001390605247252,-0.000876429880614,-0.0013059454665205,0.0006465437832539,0.5403
-0.0007559650832153,0.0003415748549603,-0.0008307268779118,-0.0003571544733665,-0.137340547973826,0.6865121742751156,0.6904181708619859,0.1411960129225165,-0.0008307268779118,-0.0003571544733665,-0.0007559650832153,0.0003415748549603,0.6904181708619859,0.1411960129225165,-0.137340547973826,0.6865121742751156,-0.137340547973826,0.6865121742751156,0.6904181708619859,0.1411960129225165,-0.0007559650832153,0.0003415748549603,-0.0008307268779118,-0.0003571544733665,0.6904181708619859,0.1411960129225165,-0.137340547973826,0.6865121742751156,-0.0008307268779118,-0.0003571544733665,-0.0007559650832153,0.0003415748549603,0.5404
-0.0007382692907977,-0.0002539843099651,-0.000733435327635,0.0005122096479981,0.3316348920420239,0.6164928060293208,0.622096721558036,-0.3311329455781128,-0.000733435327635,0.0005122096479981,-0.0007382692907977,-0.0002539843099651,0.622096721558036,-0.3311329455781128,0.3316348920420239,0.6164928060293208,0.3316348920420239,0.6164928060293208,0.622096721558036,-0.3311329455781128,-0.0007382692907977,-0.0002539843099651,-0.000733435327635,0.0005122096479981,0.622096721558036,-0.3311329455781128,0.3316348920420239,0.6164928060293208,-0.000733435327635,0.0005122096479981,-0.0007382692907977,-0.0002539843099651,0.5405
-0.0012154178722996,-0.0005376342451429,7.548562428194473e-05,0.0008730119301664,0.6483005859949668,0.2638767384615788,0.2686355011191639,-0.6515759331824011,7.548562428194473e-05,0.0008730119301664,-0.0012154178722996,-0.0005376342451429,0.2686355011191639,-0.6515759331824011,0.6483005859949668,0.2638767384615788,0.6483005859949668,0.2638767384615788,0.2686355011191639,-0.6515759331824011,-0.0012154178722996,-0.0005376342451429,7.548562428194473e-05,0.0008730119301664,0.2686355011191639,-0.6515759331824011,0.6483005859949668,0.2638767384615788,7.548562428194473e-05,0.0008730119301664,-0.0012154178722996,-0.0005376342451429,0.5406
-0.0016563106496456,-0.000258375011938,0.0008043648787198,0.0003501385768413,0.6677985101467869,-0.2094229209463916,-0.2078277990789081,-0.6735064290328119,0.0008043648787198,0.0003501385768413,-0.0016563106496456,-0.000258375011938,-0.2078277990789081,-0.6735064290328119,0.6677985101467869,-0.2094229209463916,0.6677985101467869,-0.2094229209463916,-0.2078277990789081,-0.6735064290328119,-0.0016563106496456,-0.000258375011938,0.0008043648787198,0.0003501385768413,-0.2078277990789081,-0.6735064290328119,0.6677985101467869,-0.2094229209463916,0.0008043648787198,0.0003501385768413,-0.0016563106496456,-0.000258375011938,0.5407
-0.001597351548955,0.0002472932908827,0.0007178242842318,-0.0005535450545745,0.3815888302601006,-0.5866063213854098,-0.5891068664113632,-0.3871111907932739,0.0007178242842318,-0.0005535450545745,-0.001597351548955,0.0002472932908827,-0.5891068664113632,-0.3871111907932739,0.3815888302601006,-0.5866063213854098,0.3815888302601006,-0.5866063213854098,-0.5891068664113632,-0.3871111907932739,-0.001597351548955,0.0002472932908827,0.0007178242842318,-0.0005535450545745,-0.5891068664113632,-0.3871111907932739,0.3815888302601006,-0.5866063213854098,0.0007178242842318,-0.0005535450545745,-0.001597351548955,0.0002472932908827,0.5408
-0.0011096879327969,0.0004224893971998,-0.0001161031279624,-0.0009353456448409,-0.0790451285228979,-0.6952596550726169,-0.7008282877908847,0.0763698140807457,-0.0001161031279624,-0.0009353456448409,-0.0011096879327969,0.0004224893971998,-0.7008282877908847,0.0763698140807457,-0.0790451285228979,-0.6952596550726169,-0.0790451285228979,-0.6952596550726169,-0.7008282877908847,0.0763698140807457,-0.0011096879327969,0.0004224893971998,-0.0001161031279624,-0.0009353456448409,-0.7008282877908847,0.0763698140807457,-0.0790451285228979,-0.6952596550726169,-0.0001161031279624,-0.0009353456448409,-0.0011096879327969,0.0004224893971998,0.5408999999999999
-0.0007081713011604,6.432240122126441e-05,-0.000869235490463,-0.0003996173151593,-0.503331893420698,-0.4860135907287697,-0.4921002118242207,0.5048728166592014,-0.000869235490463,-0.0003996173151593,-0.0007081713011604,6.432240122126441e-05,-0.4921002118242207,0.5048728166592014,-0.503331893420698,-0.4860135907287697,-0.503331893420698,-0.4860135907287697,-0.4921002118242207,0.5048728166592014,-0.0007081713011604,6.432240122126441e-05,-0.000869235490463,-0.0003996173151593,-0.4921002118242207,0.5048728166592014,-0.503331893420698,-0.4860135907287697,-0.000869235490463,-0.0003996173151593,-0.0007081713011604,6.432240122126441e-05,0.5409999999999999
-0.0008154249136215,-0.0004786712246746,-0.00077992977434,0.0005244917735284,-0.6974609534408722,-0.0548217332094895,-0.0585767187424765,0.702613935615981,-0.00077992977434,0.0005244917735284,-0.0008154249136215,-0.0004786712246746,-0.0585767187424765,0.702613935615981,-0.6974609534408722,-0.0548217332094895,-0.6974609534408722,-0.0548217332094895,-0.0585767187424765,0.702613935615981,-0.0008154249136215,-0.0004786712246746,-0.00077992977434,0.0005244917735284,-0.0585767187424765,0.702613935615981,-0.6974609534408722,-0.0548217332094895,-0.00077992977434,0.0005244917735284,-0.0008154249136215,-0.0004786712246746,0.5410999999999999
-0.0013338539768839,-0.0006723751359445,6.681936575959951e-05,0.0009078174271522,-0.5730629957944051,0.4011732132102434,0.4015713765401699,0.5795328476434995,6.681936575959951e-05,0.0009078174271522,-0.0013338539768839,-0.0006723751359445,0.4015713765401699,0.5795328476434995,-0.5730629957944051,0.4011732132102434,-0.5730629957944051,0.4011732132102434,0.4015713765401699,0.5795328476434995,-0.0013338539768839,-0.0006723751359445,6.681936575959951e-05,0.0009078174271522,0.4015713765401699,0.5795328476434995,-0.5730629957944051,0.4011732132102434,6.681936575959951e-05,0.0009078174271522,-0.0013338539768839,-0.0006723751359445,0.5411999999999999
-0.0017550049271311,-0.0003431964204668,0.0008196253053206,0.0003660647139041,-0.1873055237482259,0.673887117620101,0.6784000716318082,0.1921245863922568,0.0008196253053206,0.0003660647139041,-0.0017550049271311,-0.0003431964204668,0.6784000716318082,0.1921245863922568,-0.1873055237482259,0.673887117620101,-0.1873055237482259,0.673887117620101,0.6784000716318082,0.1921245863922568,-0.0017550049271311,-0.0003431964204668,0.0008196253053206,0.0003660647139041,0.6784000716318082,0.1921245863922568,-0.1873055237482259,0.673887117620101,0.0008196253053206,0.0003660647139041,-0.0017550049271311,-0.0003431964204668,0.5413
-0.0016856168183376,0.0001536115994207,0.0007273006517682,-0.0005519156617706,0.2835945783850008,0.6392517113249788,0.6459306337777091,-0.2827531909470936,0.0007273006517682,-0.0005519156617706,-0.0016856168183376,0.0001536115994207,0.6459306337777091,-0.2827531909470936,0.2835945783850008,0.6392517113249788,0.2835945783850008,0.6392517113249788,0.6459306337777091,-0.2827531909470936,-0.0016856168183376,0.0001536115994207,0.0007273006517682,-0.0005519156617706,0.6459306337777091,-0.2827531909470936,0.2835945783850008,0.6392517113249788,0.0007273006517682,-0.0005519156617706,-0.0016856168183376,0.0001536115994207,0.5414
-0.001246242715305,0.0003108336596552,-0.0001059905677611,-0.000930139254672,0.6250398646967149,0.3134757091527824,0.3192501335500229,-0.6287401285748093,-0.0001059905677611,-0.000930139254672,-0.001246242715305,0.0003108336596552,0.3192501335500229,-0.6287401285748093,0.6250398646967149,0.3134757091527824,0.6250398646967149,0.3134757091527824,0.3192501335500229,-0.6287401285748093,-0.001246242715305,0.0003108336596552,-0.0001059905677611,-0.000930139254672,0.3192501335500229,-0.6287401285748093,0.6250398646967149,0.3134757091527824,-0.0001059905677611,-0.000930139254672,-0.001246242715305,0.0003108336596552,0.5415
-0.0009321225760082,-3.622153379202288e-06,-0.0008455317405856,-0.0004079534766058,0.6818184037645383,-0.1547935741316375,-0.1527051630853389,-0.6884681595843173,-0.0008455317405856,-0.0004079534766058,-0.0009321225760082,-3.622153379202288e-06,-0.1527051630853389,-0.6884681595843173,0.6818184037645383,-0.1547935741316375,0.6818184037645383,-0.1547935741316375,-0.1527051630853389,-0.6884681595843173,-0.0009321225760082,-3.622153379202288e-06,-0.0008455317405856,-0.0004079534766058,-0.1527051630853389,-0.6884681595843173,0.6818184037645383,-0.1547935741316375,-0.0008455317405856,-0.0004079534766058,-0.0009321225760082,-3.622153379202288e-06,0.5416
-0.0010867715628474,-0.0004198372262258,-0.0007732831292093,0.0004829616081302,0.4284569702668718,-0.5524293530812248,-0.5551265646933279,-0.4349840567930759,-0.0007732831292093,0.0004829616081302,-0.0010867715628474,-0.0004198372262258,-0.5551265646933279,-0.4349840567930759,0.4284569702668718,-0.5524293530812248,0.4284569702668718,-0.5524293530812248,-0.5551265646933279,-0.4349840567930759,-0.0010867715628474,-0.0004198372262258,-0.0007732831292093,0.0004829616081302,-0.5551265646933279,-0.4349840567930759,0.4284569702668718,-0.5524293530812248,-0.0007732831292093,0.0004829616081302,-0.0010867715628474,-0.0004198372262258,0.5417
-0.0015450466917391,-0.0004673169537548,1.786767745023175e-05,0.0008719768756055,-0.0195475445721798,-0.6987807335383918,-0.7050991946151024,0.0162186141486732,1.786767745023175e-05,0.0008719768756055,-0.0015450466917391,-0.0004673169537548,-0.7050991946151024,0.0162186141486732,-0.0195475445721798,-0.6987807335383918,-0.0195475445721798,-0.6987807335383918,-0.7050991946151024,0.0162186141486732,-0.0015450466917391,-0.0004673169537548,1.786767745023175e-05,0.0008719768756055,-0.7050991946151024,0.0162186141486732,-0.0195475445721798,-0.6987807335383918,1.786767745023175e-05,0.0008719768756055,-0.0015450466917391,-0.0004673169537548,0.5418
-0.0018190642286984,-7.315016243638834e-05,0.0007491946709609,0.000401106254156,-0.4584702747108181,-0.5276291420099077,-0.5346971326427242,0.4599509496998542,0.0007491946709609,0.000401106254156,-0.0018190642286984,-7.315016243638834e-05,-0.5346971326427242,0.4599509496998542,-0.4584702747108181,-0.5276291420099077,-0.4584702747108181,-0.5276291420099077,-0.5346971326427242,0.4599509496998542,-0.0018190642286984,-7.315016243638834e-05,0.0007491946709609,0.000401106254156,-0.5346971326427242,0.4599509496998542,-0.4584702747108181,-0.5276291420099077,0.0007491946709609,0.000401106254156,-0.0018190642286984,-7.315016243638834e-05,0.5418999999999999
-0.0016186309795478,0.0003713320482029,0.000726182346217,-0.0004580711561303,-0.6890388560166951,-0.1170366916020973,-0.1216039816038289,0.6947513780600438,0.000726182346217,-0.0004580711561303,-0.0016186309795478,0.0003713320482029,-0.1216039816038289,0.6947513780600438,-0.6890388560166951,-0.1170366916020973,-0.6890388560166951,-0.1170366916020973,-0.1216039816038289,0.6947513780600438,-0.0016186309795478,0.0003713320482029,0.000726182346217,-0.0004580711561303,-0.1216039816038289,0.6947513780600438,-0.6890388560166951,-0.1170366916020973,0.000726182346217,-0.0004580711561303,-0.0016186309795478,0.0003713320482029,0.5419999999999999
-0.0011470848329189,0.0004328964705891,-1.2126080156474396e-05,-0.0008821938162412,-0.6069040280465957,0.3464059632702708,0.3465233627756415,0.6143257392185236,-1.2126080156474396e-05,-0.0008821938162412,-0.0011470848329189,0.0004328964705891,0.3465233627756415,0.6143257392185236,-0.6069040280465957,0.3464059632702708,-0.6069040280465957,0.3464059632702708,0.3465233627756415,0.6143257392185236,-0.0011470848329189,0.0004328964705891,-1.2126080156474396e-05,-0.0008821938162412,0.3465233627756415,0.6143257392185236,-0.6069040280465957,0.3464059632702708,-1.2126080156474396e-05,-0.0008821938162412,-0.0011470848329189,0.0004328964705891,0.5420999999999999
-0.000870243772411,8.475436758680046e-05,-0.0007550037658705,-0.0004771920812726,-0.2497384852895614,0.6525367764800489,0.6574407212438186,0.2554651523350476,-0.0007550037658705,-0.0004771920812726,-0.000870243772411,8.475436758680046e-05,0.6574407212438186,0.2554651523350476,-0.2497384852895614,0.6525367764800489,-0.2497384852895614,0.6525367764800489,0.6574407212438186,0.2554651523350476,-0.000870243772411,8.475436758680046e-05,-0.0007550037658705,-0.0004771920812726,0.6574407212438186,0.2554651523350476,-0.2497384852895614,0.6525367764800489,-0.0007550037658705,-0.0004771920812726,-0.000870243772411,8.475436758680046e-05,0.5422
-0.0010255097736255,-0.0002888548245609,-0.0007988324061114,0.0003651123970883,0.2202940089202203,0.6629450376292101,0.6704867414403451,-0.2190154431185549,-0.0007988324061114,0.0003651123970883,-0.0010255097736255,-0.0002888548245609,0.6704867414403451,-0.2190154431185549,0.2202940089202203,0.6629450376292101,0.2202940089202203,0.6629450376292101,0.6704867414403451,-0.2190154431185549,-0.0010255097736255,-0.0002888548245609,-0.0007988324061114,0.0003651123970883,0.6704867414403451,-0.2190154431185549,0.2202940089202203,0.6629450376292101,-0.0007988324061114,0.0003651123970883,-0.0010255097736255,-0.0002888548245609,0.5423
-0.0013951908023096,-0.0003107974451593,-0.0001042464776107,0.0008431640334292,0.5903525294947903,0.3733461497918618,0.3800320903838233,-0.5942509460784108,-0.0001042464776107,0.0008431640334292,-0.0013951908023096,-0.0003107974451593,0.3800320903838233,-0.5942509460784108,0.5903525294947903,0.3733461497918618,0.5903525294947903,0.3733461497918618,0.3800320903838233,-0.5942509460784108,-0.0013951908023096,-0.0003107974451593,-0.0001042464776107,0.0008431640334292,0.3800320903838233,-0.5942509460784108,0.5903525294947903,0.3733461497918618,-0.0001042464776107,0.0008431640334292,-0.0013951908023096,-0.0003107974451593,0.5424
-0.0015593850769376,5.7112079612181136e-06,0.0006677029830913,0.0004998733692619,0.6932511979919468,-0.0849350220853093,-0.0822727537701323,-0.7005903758533142,0.0006677029830913,0.0004998733692619,-0.0015593850769376,5.7112079612181136e-06,-0.0822727537701323,-0.7005903758533142,0.6932511979919468,-0.0849350220853093,0.6932511979919468,-0.0849350220853093,-0.0822727537701323,-0.7005903758533142,-0.0015593850769376,5.7112079612181136e-06,0.0006677029830913,0.0004998733692619,-0.0822727537701323,-0.7005903758533142,0.6932511979919468,-0.0849350220853093,0.0006677029830913,0.0004998733692619,-0.0015593850769376,5.7112079612181136e-06,0.5425
-0.001336628478295,0.0002959756216125,0.0007770057604167,-0.0003406428435734,0.4827939075447912,-0.5046248387720026,-0.5072791236934883,-0.4901934593181879,0.0007770057604167,-0.0003406428435734,-0.001336628478295,0.0002959756216125,-0.5072791236934883,-0.4901934593181879,0.4827939075447912,-0.5046248387720026,0.4827939075447912,-0.5046248387720026,-0.5072791236934883,-0.4901934593181879,-0.001336628478295,0.0002959756216125,0.0007770057604167,-0.0003406428435734,-0.5072791236934883,-0.4901934593181879,0.4827939075447912,-0.5046248387720026,0.0007770057604167,-0.0003406428435734,-0.001336628478295,0.0002959756216125,0.5426
-0.0009549556330367,0.000234099836244,0.00011310199462,-0.0008721923096393,0.054357893775379,-0.696204784740277,-0.7030083965847334,-0.0584071597832319,0.00011310199462,-0.0008721923096393,-0.0009549556330367,0.000234099836244,-0.7030083965847334,-0.0584071597832319,0.054357893775379,-0.696204784740277,0.054357893775379,-0.696204784740277,-0.7030083965847334,-0.0584071597832319,-0.0009549556330367,0.000234099836244,0.00011310199462,-0.0008721923096393,-0.7030083965847334,-0.0584071597832319,0.054357893775379,-0.696204784740277,0.00011310199462,-0.0008721923096393,-0.0009549556330367,0.000234099836244,0.5427
-0.0008030106321513,-0.0001395842147918,-0.0006871869602471,-0.0005785411479728,-0.3984116643711159,-0.573426558016086,-0.5813250110549164,0.399613187128206,-0.0006871869602471,-0.0005785411479728,-0.0008030106321513,-0.0001395842147918,-0.5813250110549164,0.399613187128206,-0.3984116643711159,-0.573426558016086,-0.3984116643711159,-0.573426558016086,-0.5813250110549164,0.399613187128206,-0.0008030106321513,-0.0001395842147918,-0.0006871869602471,-0.0005785411479728,-0.5813250110549164,0.399613187128206,-0.3984116643711159,-0.573426558016086,-0.0006871869602471,-0.0005785411479728,-0.0008030106321513,-0.0001395842147918,0.5428
-0.0010351435980383,-0.0004723045646189,-0.0008488802641523,0.0002586874084002,-0.6712115249229723,-0.1920574426325877,-0.1974564844449622,0.6772235918098096,-0.0008488802641523,0.0002586874084002,-0.0010351435980383,-0.0004723045646189,-0.1974564844449622,0.6772235918098096,-0.6712115249229723,-0.1920574426325877,-0.6712115249229723,-0.1920574426325877,-0.1974564844449622,0.6772235918098096,-0.0010351435980383,-0.0004723045646189,-0.0008488802641523,0.0002586874084002,-0.1974564844449622,0.6772235918098096,-0.6712115249229723,-0.1920574426325877,-0.0008488802641523,0.0002586874084002,-0.0010351435980383,-0.0004723045646189,0.5428999999999999
-0.0014255133986197,-0.0004588609916355,-0.000216236036934,0.000827423075254,-0.6413097268243841,0.2756280458221112,0.2752872276971096,0.6494854351594266,-0.000216236036934,0.000827423075254,-0.0014255133986197,-0.0004588609916355,0.2752872276971096,0.6494854351594266,-0.6413097268243841,0.2756280458221112,-0.6413097268243841,0.2756280458221112,0.2752872276971096,0.6494854351594266,-0.0014255133986197,-0.0004588609916355,-0.000216236036934,0.000827423075254,0.2752872276971096,0.6494854351594266,-0.6413097268243841,0.2756280458221112,-0.000216236036934,0.000827423075254,-0.0014255133986197,-0.0004588609916355,0.5429999999999999
-0.0016024142006589,-0.0001424632090001,0.0005930501112802,0.0005795729696019,-0.3226244623079098,0.6188688907128425,0.6238858847672272,0.3292126487752659,0.0005930501112802,0.0005795729696019,-0.0016024142006589,-0.0001424632090001,0.6238858847672272,0.3292126487752659,-0.3226244623079098,0.6188688907128425,-0.3226244623079098,0.6188688907128425,0.6238858847672272,0.3292126487752659,-0.0016024142006589,-0.0001424632090001,0.0005930501112802,0.0005795729696019,0.6238858847672272,0.3292126487752659,-0.3226244623079098,0.6188688907128425,0.0005930501112802,0.0005795729696019,-0.0016024142006589,-0.0001424632090001,0.5430999999999999
-0.0014220396699301,0.0001368584449317,0.0007969744953655,-0.000235217168483,0.1410225304857396,0.683413396189237,0.6915617226634109,-0.1391493809095353,0.0007969744953655,-0.000235217168483,-0.0014220396699301,0.0001368584449317,0.6915617226634109,-0.1391493809095353,0.1410225304857396,0.683413396189237,0.1410225304857396,0.683413396189237,0.6915617226634109,-0.1391493809095353,-0.0014220396699301,0.0001368584449317,0.0007969744953655,-0.000235217168483,0.6915617226634109,-0.1391493809095353,0.1410225304857396,0.683413396189237,0.0007969744953655,-0.000235217168483,-0.0014220396699301,0.0001368584449317,0.5431999999999999
-0.0011097275673183,9.10112470265907e-05,0.0002116949399609,-0.0008259653812281,0.5409915237529329,0.4406309616166681,0.4481431427698485,-0.5447869190179532,0.0002116949399609,-0.0008259653812281,-0.0011097275673183,9.10112470265907e-05,0.4481431427698485,-0.5447869190179532,0.5409915237529329,0.4406309616166681,0.5409915237529329,0.4406309616166681,0.4481431427698485,-0.5447869190179532,-0.0011097275673183,9.10112470265907e-05,0.0002116949399609,-0.0008259653812281,0.4481431427698485,-0.5447869190179532,0.5409915237529329,0.4406309616166681,0.0002116949399609,-0.0008259653812281,-0.0011097275673183,9.10112470265907e-05,0.5433
-0.0010255092021918,-0.0002197975189252,-0.0005879462594951,-0.0006366725913017,0.6976666522311836,-2.94198889513621e-05,0.0033489589370527,-0.7054151164153362,-0.0005879462594951,-0.0006366725913017,-0.0010255092021918,-0.0002197975189252,0.0033489589370527,-0.7054151164153362,0.6976666522311836,-2.94198889513621e-05,0.6976666522311836,-2.94198889513621e-05,0.0033489589370527,-0.7054151164153362,-0.0010255092021918,-0.0002197975189252,-0.0005879462594951,-0.0006366725913017,0.0033489589370527,-0.7054151164153362,0.6976666522311836,-2.94198889513621e-05,-0.0005879462594951,-0.0006366725913017,-0.0010255092021918,-0.0002197975189252,0.5434
-0.0012873704944223,-0.0004476288487404,-0.0008430648699922,0.0001330582606929,0.5409576004706256,-0.4404796009313947,-0.4428060257038775,-0.5491159249368058,-0.0008430648699922,0.0001330582606929,-0.0012873704944223,-0.0004476288487404,-0.4428060257038775,-0.5491159249368058,0.5409576004706256,-0.4404796009313947,0.5409576004706256,-0.4404796009313947,-0.4428060257038775,-0.5491159249368058,-0.0012873704944223,-0.0004476288487404,-0.0008430648699922,0.0001330582606929,-0.4428060257038775,-0.5491159249368058,0.5409576004706256,-0.4404796009313947,-0.0008430648699922,0.0001330582606929,-0.0012873704944223,-0.0004476288487404,0.5435
-0.0016411536674202,-0.000320844345931,-0.0003315222296613,0.0007479668616073,0.1415264857604493,-0.6830320420087423,-0.6900353120908245,-0.1463856352175288,-0.0003315222296613,0.0007479668616073,-0.0016411536674202,-0.000320844345931,-0.6900353120908245,-0.1463856352175288,0.1415264857604493,-0.6830320420087423,0.1415264857604493,-0.6830320420087423,-0.6900353120908245,-0.1463856352175288,-0.0016411536674202,-0.000320844345931,-0.0003315222296613,0.0007479668616073,-0.6900353120908245,-0.1463856352175288,0.1415264857604493,-0.6830320420087423,-0.0003315222296613,0.0007479668616073,-0.0016411536674202,-0.000320844345931,0.5436
-0.0017224481334481,6.42367659654026e-05,0.0004511414503268,0.0006433469609192,-0.3211765000937706,-0.6191007192490874,-0.6276582445603177,0.321852449872347,0.0004511414503268,0.0006433469609192,-0.0017224481334481,6.42367659654026e-05,-0.6276582445603177,0.321852449872347,-0.3211765000937706,-0.6191007192490874,-0.3211765000937706,-0.6191007192490874,-0.6276582445603177,0.321852449872347,-0.0017224481334481,6.42367659654026e-05,0.0004511414503268,0.0006433469609192,-0.6276582445603177,0.321852449872347,-0.3211765000937706,-0.6191007192490874,0.0004511414503268,0.0006433469609192,-0.0017224481334481,6.42367659654026e-05,0.5437
-0.0014418745032179,0.0003382688723846,0.0007780428316205,-6.618343809333101e-05,-0.6396521637960422,-0.2777301702731723,-0.2839794616207952,0.6456528534702897,0.0007780428316205,-6.618343809333101e-05,-0.0014418745032179,0.0003382688723846,-0.2839794616207952,0.6456528534702897,-0.6396521637960422,-0.2777301702731723,-0.6396521637960422,-0.2777301702731723,-0.2839794616207952,0.6456528534702897,-0.0014418745032179,0.0003382688723846,0.0007780428316205,-6.618343809333101e-05,-0.2839794616207952,0.6456528534702897,-0.6396521637960422,-0.2777301702731723,0.0007780428316205,-6.618343809333101e-05,-0.0014418745032179,0.0003382688723846,0.5438
-0.0010816899868567,0.0002472008335872,0.0003585211320977,-0.0007183681721514,-0.6714582993716317,0.1877893338112498,0.1867662452250608,0.6801499166010477,0.0003585211320977,-0.0007183681721514,-0.0010816899868567,0.0002472008335872,0.1867662452250608,0.6801499166010477,-0.6714582993716317,0.1877893338112498,-0.6714582993716317,0.1877893338112498,0.1867662452250608,0.6801499166010477,-0.0010816899868567,0.0002472008335872,0.0003585211320977,-0.0007183681721514,0.1867662452250608,0.6801499166010477,-0.6714582993716317,0.1877893338112498,0.0003585211320977,-0.0007183681721514,-0.0010816899868567,0.0002472008335872,0.5438999999999999
-0.0009955399584348,-8.137946116687499e-05,-0.0004142904806377,-0.0007164742160999,-0.4027902575240965,0.5689600888533773,0.5737531713324328,0.4102071946792751,-0.0004142904806377,-0.0007164742160999,-0.0009955399584348,-8.137946116687499e-05,0.5737531713324328,0.4102071946792751,-0.4027902575240965,0.5689600888533773,-0.4027902575240965,0.5689600888533773,0.5737531713324328,0.4102071946792751,-0.0009955399584348,-8.137946116687499e-05,-0.0004142904806377,-0.0007164742160999,0.5737531713324328,0.4102071946792751,-0.4027902575240965,0.5689600888533773,-0.0004142904806377,-0.0007164742160999,-0.0009955399584348,-8.137946116687499e-05,0.5439999999999999
-0.0012348842533687,-0.0002813561707855,-0.0008297489143109,-6.424444867953048e-05,0.0457930674242189,0.6954947859586625,0.703972326011529,-0.0431245472745402,-0.0008297489143109,-6.424444867953048e-05,-0.0012348842533687,-0.0002813561707855,0.703972326011529,-0.0431245472745402,0.0457930674242189,0.6954947859586625,0.0457930674242189,0.6954947859586625,0.703972326011529,-0.0431245472745402,-0.0012348842533687,-0.0002813561707855,-0.0008297489143109,-6.424444867953048e-05,0.703972326011529,-0.0431245472745402,0.0457930674242189,0.6954947859586625,-0.0008297489143109,-6.424444867953048e-05,-0.0012348842533687,-0.0002813561707855,0.5440999999999999
-0.0015045800785501,-0.0001417641812948,-0.0005025766840088,0.0006401501091303,0.4736556502933437,0.5112168484438832,0.5194766378750737,-0.4770168887973784,-0.0005025766840088,0.0006401501091303,-0.0015045800785501,-0.0001417641812948,0.5194766378750737,-0.4770168887973784,0.4736556502933437,0.5112168484438832,0.4736556502933437,0.5112168484438832,0.5194766378750737,-0.4770168887973784,-0.0015045800785501,-0.0001417641812948,-0.0005025766840088,0.0006401501091303,0.5194766378750737,-0.4770168887973784,0.4736556502933437,0.5112168484438832,-0.0005025766840088,0.0006401501091303,-0.0015045800785501,-0.0001417641812948,0.5442
-0.0014866436661682,0.0001758971038509,0.0002729508631193,0.0007432758903295,0.6898124275329854,0.0987713661691335,0.1030154121419729,-0.6976678961785465,0.0002729508631193,0.0007432758903295,-0.0014866436661682,0.0001758971038509,0.1030154121419729,-0.6976678961785465,0.6898124275329854,0.0987713661691335,0.6898124275329854,0.0987713661691335,0.1030154121419729,-0.6976678961785465,-0.0014866436661682,0.0001758971038509,0.0002729508631193,0.0007432758903295,0.1030154121419729,-0.6976678961785465,0.6898124275329854,0.0987713661691335,0.0002729508631193,0.0007432758903295,-0.0014866436661682,0.0001758971038509,0.5443
-0.0011755017274434,0.0003199945939784,0.0007798211086822,0.000137804909211,0.5980454214741935,-0.3575591442802293,-0.3592511308053953,-0.6068216911220472,0.0007798211086822,0.000137804909211,-0.0011755017274434,0.0003199945939784,-0.3592511308053953,-0.6068216911220472,0.5980454214741935,-0.3575591442802293,0.5980454214741935,-0.3575591442802293,-0.3592511308053953,-0.6068216911220472,-0.0011755017274434,0.0003199945939784,0.0007798211086822,0.000137804909211,-0.3592511308053953,-0.6068216911220472,0.5980454214741935,-0.3575591442802293,0.0007798211086822,0.000137804909211,-0.0011755017274434,0.0003199945939784,0.5444
-0.0008737195529093,0.000120354623169,0.0005355893885057,-0.0006214516030259,0.2396078552480308,-0.6542091373664615,-0.6610815147164171,-0.2453613037183624,0.0005355893885057,-0.0006214516030259,-0.0008737195529093,0.000120354623169,-0.6610815147164171,-0.2453613037183624,0.2396078552480308,-0.6542091373664615,0.2396078552480308,-0.6542091373664615,-0.6610815147164171,-0.2453613037183624,-0.0008737195529093,0.000120354623169,0.0005355893885057,-0.0006214516030259,-0.6610815147164171,-0.2453613037183624,0.2396078552480308,-0.6542091373664615,0.0005355893885057,-0.0006214516030259,-0.0008737195529093,0.000120354623169,0.5445
-0.0008728126504843,-0.0002445630424722,-0.0002446595398737,-0.000820288428306,-0.2254243036523684,-0.6591288998950465,-0.6681401925361649,0.2252958751407566,-0.0002446595398737,-0.000820288428306,-0.0008728126504843,-0.0002445630424722,-0.6681401925361649,0.2252958751407566,-0.2254243036523684,-0.6591288998950465,-0.2254243036523684,-0.6591288998950465,-0.6681401925361649,0.2252958751407566,-0.0008728126504843,-0.0002445630424722,-0.0002446595398737,-0.000820288428306,-0.6681401925361649,0.2252958751407566,-0.2254243036523684,-0.6591288998950465,-0.0002446595398737,-0.000820288428306,-0.0008728126504843,-0.0002445630424722,0.5446
-0.0011629604724483,-0.0004400406400977,-0.0008318736377941,-0.0002600382877517,-0.589771500417505,-0.3705036586448566,-0.3776220703320359,0.5954106234019123,-0.0008318736377941,-0.0002600382877517,-0.0011629604724483,-0.0004400406400977,-0.3776220703320359,0.5954106234019123,-0.589771500417505,-0.3705036586448566,-0.589771500417505,-0.3705036586448566,-0.3776220703320359,0.5954106234019123,-0.0011629604724483,-0.0004400406400977,-0.0008318736377941,-0.0002600382877517,-0.3776220703320359,0.5954106234019123,-0.589771500417505,-0.3705036586448566,-0.0008318736377941,-0.0002600382877517,-0.0011629604724483,-0.0004400406400977,0.5447
-0.0014572019138979,-0.0003103350449187,-0.0006669740749697,0.0005394513769699,-0.6914266465981663,0.0827891436232229,0.0808443058570584,0.7003722426365594,-0.0006669740749697,0.0005394513769699,-0.0014572019138979,-0.0003103350449187,0.0808443058570584,0.7003722426365594,-0.6914266465981663,0.0827891436232229,-0.6914266465981663,0.0827891436232229,0.0808443058570584,0.7003722426365594,-0.0014572019138979,-0.0003103350449187,-0.0006669740749697,0.0005394513769699,0.0808443058570584,0.7003722426365594,-0.6914266465981663,0.0827891436232229,-0.0006669740749697,0.0005394513769699,-0.0014572019138979,-0.0003103350449187,0.5448
-0.0014837018220898,-2.0349322426423232e-05,0.0001012896926236,0.0008241374767199,-0.4855917216250018,0.4989522989088816,0.5031648644990181,0.4937857149810716,0.0001012896926236,0.0008241374767199,-0.0014837018220898,-2.0349322426423232e-05,0.5031648644990181,0.4937857149810716,-0.4855917216250018,0.4989522989088816,-0.4855917216250018,0.4989522989088816,0.5031648644990181,0.4937857149810716,-0.0014837018220898,-2.0349322426423232e-05,0.0001012896926236,0.0008241374767199,0.5031648644990181,0.4937857149810716,-0.4855917216250018,0.4989522989088816,0.0001012896926236,0.0008241374767199,-0.0014837018220898,-2.0349322426423232e-05,0.5448999999999999
-0.0012483145868679,0.0001189583780247,0.0007513665773182,0.0003227014229754,-0.0641597620416765,0.6931722417417802,0.7016656756251511,0.0678145900467853,0.0007513665773182,0.0003227014229754,-0.0012483145868679,0.0001189583780247,0.7016656756251511,0.0678145900467853,-0.0641597620416765,0.6931722417417802,-0.0641597620416765,0.6931722417417802,0.7016656756251511,0.0678145900467853,-0.0012483145868679,0.0001189583780247,0.0007513665773182,0.0003227014229754,0.7016656756251511,0.0678145900467853,-0.0641597620416765,0.6931722417417802,0.0007513665773182,0.0003227014229754,-0.0012483145868679,0.0001189583780247,0.5449999999999999
-0.0010200741015513,-4.117141852022187e-05,0.000672172795613,-0.000495465101437,0.3855120145330271,0.5795378614336792,0.5884267387198173,-0.3880863959389846,0.000672172795613,-0.000495465101437,-0.0010200741015513,-4.117141852022187e-05,0.5884267387198173,-0.3880863959389846,0.3855120145330271,0.5795378614336792,0.3855120145330271,0.5795378614336792,0.5884267387198173,-0.3880863959389846,-0.0010200741015513,-4.117141852022187e-05,0.000672172795613,-0.000495465101437,0.5884267387198173,-0.3880863959389846,0.3855120145330271,0.5795378614336792,0.000672172795613,-0.000495465101437,-0.0010200741015513,-4.117141852022187e-05,0.5450999999999999
-0.0010628199187327,-0.0003417592939168,-6.278554294703334e-05,-0.0008656336546264,0.6639064233335973,0.2088267799740038,0.2140740534507551,-0.6715224274617022,-6.278554294703334e-05,-0.0008656336546264,-0.0010628199187327,-0.0003417592939168,0.2140740534507551,-0.6715224274617022,0.6639064233335973,0.2088267799740038,0.6639064233335973,0.2088267799740038,0.2140740534507551,-0.6715224274617022,-0.0010628199187327,-0.0003417592939168,-6.278554294703334e-05,-0.0008656336546264,0.2140740534507551,-0.6715224274617022,0.6639064233335973,0.2088267799740038,-6.278554294703334e-05,-0.0008656336546264,-0.0010628199187327,-0.0003417592939168,0.5451999999999999
-0.0013713832116113,-0.0004703841809981,-0.0007705974782131,-0.000443133389048,0.6477690365430143,-0.2543036084157865,-0.2550375618719818,-0.656986726383445,-0.0007705974782131,-0.000443133389048,-0.0013713832116113,-0.0004703841809981,-0.2550375618719818,-0.656986726383445,0.6477690365430143,-0.2543036084157865,0.6477690365430143,-0.2543036084157865,-0.2550375618719818,-0.656986726383445,-0.0013713832116113,-0.0004703841809981,-0.0007705974782131,-0.000443133389048,-0.2550375618719818,-0.656986726383445,0.6477690365430143,-0.2543036084157865,-0.0007705974782131,-0.000443133389048,-0.0013713832116113,-0.0004703841809981,0.5452999999999999
-0.0016676352922615,-0.0002704128364982,-0.0007960778087628,0.0003831978209281,0.3445774184304037,-0.6044968000562987,-0.6108805644641024,-0.3512886845893508,-0.0007960778087628,0.0003831978209281,-0.0016676352922615,-0.0002704128364982,-0.6108805644641024,-0.3512886845893508,0.3445774184304037,-0.6044968000562987,0.3445774184304037,-0.6044968000562987,-0.6108805644641024,-0.3512886845893508,-0.0016676352922615,-0.0002704128364982,-0.0007960778087628,0.0003831978209281,-0.6108805644641024,-0.3512886845893508,0.3445774184304037,-0.6044968000562987,-0.0007960778087628,0.0003831978209281,-0.0016676352922615,-0.0002704128364982,0.5454
-0.0016694819767987,9.429559541085788e-05,-0.0001114364956844,0.0008535850884572,-0.111030810323836,-0.6867822306931903,-0.6960037293520042,0.1098291692015766,-0.0001114364956844,0.0008535850884572,-0.0016694819767987,9.429559541085788e-05,-0.6960037293520042,0.1098291692015766,-0.111030810323836,-0.6867822306931903,-0.111030810323836,-0.6867822306931903,-0.6960037293520042,0.1098291692015766,-0.0016694819767987,9.429559541085788e-05,-0.0001114364956844,0.0008535850884572,-0.6960037293520042,0.1098291692015766,-0.111030810323836,-0.6867822306931903,-0.0001114364956844,0.0008535850884572,-0.0016694819767987,9.429559541085788e-05,0.5455
-0.0013756047485486,0.0002919390853685,0.0006602995915364,0.0005304709643061,-0.5172045954090371,-0.4651052533903952,-0.4730642522291591,0.5221131376271416,0.0006602995915364,0.0005304709643061,-0.0013756047485486,0.0002919390853685,-0.4730642522291591,0.5221131376271416,-0.5172045954090371,-0.4651052533903952,-0.5172045954090371,-0.4651052533903952,-0.4730642522291591,0.5221131376271416,-0.0013756047485486,0.0002919390853685,0.0006602995915364,0.0005304709643061,-0.4730642522291591,0.5221131376271416,-0.5172045954090371,-0.4651052533903952,0.0006602995915364,0.0005304709643061,-0.0013756047485486,0.0002919390853685,0.5456
-0.0010753632592996,0.0001535970801136,0.0008080877706949,-0.0003015476275299,-0.6944080066189222,-0.0379366404234083,-0.041018856131108,0.703291591862702,0.0008080877706949,-0.0003015476275299,-0.0010753632592996,0.0001535970801136,-0.041018856131108,0.703291591862702,-0.6944080066189222,-0.0379366404234083,-0.6944080066189222,-0.0379366404234083,-0.041018856131108,0.703291591862702,-0.0010753632592996,0.0001535970801136,0.0008080877706949,-0.0003015476275299,-0.041018856131108,0.703291591862702,-0.6944080066189222,-0.0379366404234083,0.0008080877706949,-0.0003015476275299,-0.0010753632592996,0.0001535970801136,0.5457
-0.0010594031274172,-0.0001516802504666,0.0001801175078977,-0.0008831168174896,-0.5646959158952571,0.405692502473667,0.4089460797062149,0.5735598222785415,0.0001801175078977,-0.0008831168174896,-0.0010594031274172,-0.0001516802504666,0.4089460797062149,0.5735598222785415,-0.5646959158952571,0.405692502473667,-0.5646959158952571,0.405692502473667,0.4089460797062149,0.5735598222785415,-0.0010594031274172,-0.0001516802504666,0.0001801175078977,-0.0008831168174896,0.4089460797062149,0.5735598222785415,-0.5646959158952571,0.405692502473667,0.0001801175078977,-0.0008831168174896,-0.0010594031274172,-0.0001516802504666,0.5458
-0.0013209083763239,-0.0002875597930102,-0.000660861605551,-0.0006644666810266,-0.1857718113306965,0.6699262666887671,0.6780745173735571,0.1905782027866274,-0.000660861605551,-0.0006644666810266,-0.0013209083763239,-0.0002875597930102,0.6780745173735571,0.1905782027866274,-0.1857718113306965,0.6699262666887671,-0.1857718113306965,0.6699262666887671,0.6780745173735571,0.1905782027866274,-0.0013209083763239,-0.0002875597930102,-0.000660861605551,-0.0006644666810266,0.6780745173735571,0.1905782027866274,-0.1857718113306965,0.6699262666887671,-0.000660861605551,-0.0006644666810266,-0.0013209083763239,-0.0002875597930102,0.5458999999999999
-0.0015612916008655,-9.836131474413416e-05,-0.0009325615873875,0.0001763053798742,0.274880539438504,0.6384488977782976,0.6477979811912457,-0.2763128418449956,-0.0009325615873875,0.0001763053798742,-0.0015612916008655,-9.836131474413416e-05,0.6477979811912457,-0.2763128418449956,0.274880539438504,0.6384488977782976,0.274880539438504,0.6384488977782976,0.6477979811912457,-0.2763128418449956,-0.0015612916008655,-9.836131474413416e-05,-0.0009325615873875,0.0001763053798742,0.6477979811912457,-0.2763128418449956,0.274880539438504,0.6384488977782976,-0.0009325615873875,0.0001763053798742,-0.0015612916008655,-9.836131474413416e-05,0.5459999999999999
-0.0014997503328433,0.0002283024606924,-0.0003574874022449,0.0008674731789337,0.6140845109768862,0.3255032080336128,0.3318437802030012,-0.6210851243791325,-0.0003574874022449,0.0008674731789337,-0.0014997503328433,0.0002283024606924,0.3318437802030012,-0.6210851243791325,0.6140845109768862,0.3255032080336128,0.6140845109768862,0.3255032080336128,0.3318437802030012,-0.6210851243791325,-0.0014997503328433,0.0002283024606924,-0.0003574874022449,0.0008674731789337,0.3318437802030012,-0.6210851243791325,0.6140845109768862,0.3255032080336128,-0.0003574874022449,0.0008674731789337,-0.0014997503328433,0.0002283024606924,0.5460999999999999
-0.0011638597049332,0.0003548043345135,0.0005493292882678,0.0007469338279982,0.6825286069022953,-0.130696521018639,-0.1301731928103024,-0.6919484600041353,0.0005493292882678,0.0007469338279982,-0.0011638597049332,0.0003548043345135,-0.1301731928103024,-0.6919484600041353,0.6825286069022953,-0.130696521018639,0.6825286069022953,-0.130696521018639,-0.1301731928103024,-0.6919484600041353,-0.0011638597049332,0.0003548043345135,0.0005493292882678,0.0007469338279982,-0.1301731928103024,-0.6919484600041353,0.6825286069022953,-0.130696521018639,0.0005493292882678,0.0007469338279982,-0.0011638597049332,0.0003548043345135,0.5461999999999999
-0.0008605103034628,0.0001381468800785,0.0009350958507494,-9.90545227352163e-05,0.4503902146254863,-0.5290898387770636,-0.5345987104109565,-0.4580524371853133,0.0009350958507494,-9.90545227352163e-05,-0.0008605103034628,0.0001381468800785,-0.5345987104109565,-0.4580524371853133,0.4503902146254863,-0.5290898387770636,0.4503902146254863,-0.5290898387770636,-0.5345987104109565,-0.4580524371853133,-0.0008605103034628,0.0001381468800785,0.0009350958507494,-9.90545227352163e-05,-0.5345987104109565,-0.4580524371853133,0.4503902146254863,-0.5290898387770636,0.0009350958507494,-9.90545227352163e-05,-0.0008605103034628,0.0001381468800785,0.5463
-0.0008656705869534,-0.000230046838913,0.0004149804772441,-0.0008860177423229,0.0202048717652359,-0.6944188105393176,-0.7035362397660633,-0.0227177076264174,0.0004149804772441,-0.0008860177423229,-0.0008656705869534,-0.000230046838913,-0.7035362397660633,-0.0227177076264174,0.0202048717652359,-0.6944188105393176,0.0202048717652359,-0.6944188105393176,-0.7035362397660633,-0.0227177076264174,-0.0008656705869534,-0.000230046838913,0.0004149804772441,-0.0008860177423229,-0.7035362397660633,-0.0227177076264174,0.0202048717652359,-0.6944188105393176,0.0004149804772441,-0.0008860177423229,-0.0008656705869534,-0.000230046838913,0.5464
-0.0011557923342981,-0.0004200185956399,-0.0005393498560555,-0.0008618975699621,-0.4185737549670058,-0.5542913474415131,-0.562993494274363,0.422361644210169,-0.0005393498560555,-0.0008618975699621,-0.0011557923342981,-0.0004200185956399,-0.562993494274363,0.422361644210169,-0.4185737549670058,-0.5542913474415131,-0.4185737549670058,-0.5542913474415131,-0.562993494274363,0.422361644210169,-0.0011557923342981,-0.0004200185956399,-0.0005393498560555,-0.0008618975699621,-0.562993494274363,0.422361644210169,-0.4185737549670058,-0.5542913474415131,-0.0005393498560555,-0.0008618975699621,-0.0011557923342981,-0.0004200185956399,0.5465
-0.0014424764408936,-0.0002858071737477,-0.0010296030144223,-3.259414236791812e-05,-0.6731277863227575,-0.1707285981370631,-0.1751207472717677,0.6815810464142134,-0.0010296030144223,-3.259414236791812e-05,-0.0014424764408936,-0.0002858071737477,-0.1751207472717677,0.6815810464142134,-0.6731277863227575,-0.1707285981370631,-0.6731277863227575,-0.1707285981370631,-0.1751207472717677,0.6815810464142134,-0.0014424764408936,-0.0002858071737477,-0.0010296030144223,-3.259414236791812e-05,-0.1751207472717677,0.6815810464142134,-0.6731277863227575,-0.1707285981370631,-0.0010296030144223,-3.259414236791812e-05,-0.0014424764408936,-0.0002858071737477,0.5466
-0.0014585685415514,4.548446131552347e-06,-0.0005845825181902,0.0008289055342138,-0.6319815844580571,0.2875058746491935,0.2894330729638809,0.6413365591623799,-0.0005845825181902,0.0008289055342138,-0.0014585685415514,4.548446131552347e-06,0.2894330729638809,0.6413365591623799,-0.6319815844580571,0.2875058746491935,-0.6319815844580571,0.2875058746491935,0.2894330729638809,0.6413365591623799,-0.0014585685415514,4.548446131552347e-06,-0.0005845825181902,0.0008289055342138,0.2894330729638809,0.6413365591623799,-0.6319815844580571,0.2875058746491935,-0.0005845825181902,0.0008289055342138,-0.0014585685415514,4.548446131552347e-06,0.5467
-0.0012105653055128,0.0001413035231123,0.0003860737963519,0.0009113062732937,-0.3136245339265992,0.6192970647423411,0.6266998442696079,0.3196722859105008,0.0003860737963519,0.0009113062732937,-0.0012105653055128,0.0001413035231123,0.6266998442696079,0.3196722859105008,-0.3136245339265992,0.6192970647423411,-0.3136245339265992,0.6192970647423411,0.6266998442696079,0.3196722859105008,-0.0012105653055128,0.0001413035231123,0.0003860737963519,0.0009113062732937,0.6266998442696079,0.3196722859105008,-0.3136245339265992,0.6192970647423411,0.0003860737963519,0.0009113062732937,-0.0012105653055128,0.0001413035231123,0.5468
-0.0009653107477756,-2.84069309845035e-05,0.0009764793877371,0.0001317134647168,0.1420169651579606,0.6793898121847111,0.6889396715766373,-0.1419853705162544,0.0009764793877371,0.0001317134647168,-0.0009653107477756,-2.84069309845035e-05,0.6889396715766373,-0.1419853705162544,0.1420169651579606,0.6793898121847111,0.1420169651579606,0.6793898121847111,0.6889396715766373,-0.1419853705162544,-0.0009653107477756,-2.84069309845035e-05,0.0009764793877371,0.0001317134647168,0.6889396715766373,-0.1419853705162544,0.1420169651579606,0.6793898121847111,0.0009764793877371,0.0001317134647168,-0.0009653107477756,-2.84069309845035e-05,0.5468999999999999
-0.0009933993329267,-0.000354507920886,0.0006336541382843,-0.000788643818419,0.5351750707118437,0.4418028876479939,0.4492350568071123,-0.5411431059193406,0.0006336541382843,-0.000788643818419,-0.0009933993329267,-0.000354507920886,0.4492350568071123,-0.5411431059193406,0.5351750707118437,0.4418028876479939,0.5351750707118437,0.4418028876479939,0.4492350568071123,-0.5411431059193406,-0.0009933993329267,-0.000354507920886,0.0006336541382843,-0.000788643818419,0.4492350568071123,-0.5411431059193406,0.5351750707118437,0.4418028876479939,0.0006336541382843,-0.000788643818419,-0.0009933993329267,-0.000354507920886,0.5469999999999999
-0.0013081503080576,-0.000522311244642,-0.0003318606345871,-0.0009968720846877,0.6937882268706157,0.0109102645890605,0.0129522709726529,-0.7030821743109786,-0.0003318606345871,-0.0009968720846877,-0.0013081503080576,-0.000522311244642,0.0129522709726529,-0.7030821743109786,0.6937882268706157,0.0109102645890605,0.6937882268706157,0.0109102645890605,0.0129522709726529,-0.7030821743109786,-0.0013081503080576,-0.000522311244642,-0.0003318606345871,-0.0009968720846877,0.0129522709726529,-0.7030821743109786,0.6937882268706157,0.0109102645890605,-0.0003318606345871,-0.0009968720846877,-0.0013081503080576,-0.000522311244642,0.5470999999999999
-0.0016422262377656,-0.0003510720866972,-0.0010348149466563,-0.0002922202721262,0.5487280910634417,-0.4244978130043658,-0.4287230785397771,-0.5572479829062529,-0.0010348149466563,-0.0002922202721262,-0.0016422262377656,-0.0003510720866972,-0.4287230785397771,-0.5572479829062529,0.5487280910634417,-0.4244978130043658,0.5487280910634417,-0.4244978130043658,-0.4287230785397771,-0.5572479829062529,-0.0016422262377656,-0.0003510720866972,-0.0010348149466563,-0.0002922202721262,-0.4287230785397771,-0.5572479829062529,0.5487280910634417,-0.4244978130043658,-0.0010348149466563,-0.0002922202721262,-0.0016422262377656,-0.0003510720866972,0.5471999999999999
-0.0016941001803489,2.3069147828966315e-05,-0.0008225275260854,0.0006905164053877,0.163828305679289,-0.6740000282694226,-0.6826350034811975,-0.1678305885283543,-0.0008225275260854,0.0006905164053877,-0.0016941001803489,2.3069147828966315e-05,-0.6826350034811975,-0.1678305885283543,0.163828305679289,-0.6740000282694226,0.163828305679289,-0.6740000282694226,-0.6826350034811975,-0.1678305885283543,-0.0016941001803489,2.3069147828966315e-05,-0.0008225275260854,0.0006905164053877,-0.6826350034811975,-0.1678305885283543,0.163828305679289,-0.6740000282694226,-0.0008225275260854,0.0006905164053877,-0.0016941001803489,2.3069147828966315e-05,0.5472999999999999
-0.0014222513039724,0.0002647845525362,0.0001296932421361,0.0010511168583746,-0.292370224051787,-0.6288339883076115,-0.6380873633239029,0.2946637327219232,0.0001296932421361,0.0010511168583746,-0.0014222513039724,0.0002647845525362,-0.6380873633239029,0.2946637327219232,-0.292370224051787,-0.6288339883076115,-0.292370224051787,-0.6288339883076115,-0.6380873633239029,0.2946637327219232,-0.0014222513039724,0.0002647845525362,0.0001296932421361,0.0010511168583746,-0.6380873633239029,0.2946637327219232,-0.292370224051787,-0.6288339883076115,0.0001296932421361,0.0010511168583746,-0.0014222513039724,0.0002647845525362,0.5474
-0.001097562755245,0.0001633792664139,0.0009623633845876,0.0004382677763425,-0.6205804104854546,-0.3091703171824423,-0.3149493317542466,0.6281833596973894,0.0009623633845876,0.0004382677763425,-0.001097562755245,0.0001633792664139,-0.3149493317542466,0.6281833596973894,-0.6205804104854546,-0.3091703171824423,-0.6205804104854546,-0.3091703171824423,-0.3149493317542466,0.6281833596973894,-0.001097562755245,0.0001633792664139,0.0009623633845876,0.0004382677763425,-0.3149493317542466,0.6281833596973894,-0.6205804104854546,-0.3091703171824423,0.0009623633845876,0.0004382677763425,-0.001097562755245,0.0001633792664139,0.5475
-0.0010417277788467,-0.0001512277488445,0.0008973435794937,-0.0006120735989784,-0.6778275510801942,0.1451258379572365,0.1453993209312973,0.6873833697853986,0.0008973435794937,-0.0006120735989784,-0.0010417277788467,-0.0001512277488445,0.1453993209312973,0.6873833697853986,-0.6778275510801942,0.1451258379572365,-0.6778275510801942,0.1451258379572365,0.1453993209312973,0.6873833697853986,-0.0010417277788467,-0.0001512277488445,0.0008973435794937,-0.0006120735989784,0.1453993209312973,0.6873833697853986,-0.6778275510801942,0.1451258379572365,0.0008973435794937,-0.0006120735989784,-0.0010417277788467,-0.0001512277488445,0.5476
-0.0013003910288994,-0.0003320222847203,-4.0199458598597295e-05,-0.0011344275230149,-0.4395549245665315,0.5358417892041453,0.5420519851348453,0.446821821173433,-4.0199458598597295e-05,-0.0011344275230149,-0.0013003910288994,-0.0003320222847203,0.5420519851348453,0.446821821173433,-0.4395549245665315,0.5358417892041453,-0.4395549245665315,0.5358417892041453,0.5420519851348453,0.446821821173433,-0.0013003910288994,-0.0003320222847203,-4.0199458598597295e-05,-0.0011344275230149,0.5420519851348453,0.446821821173433,-0.4395549245665315,0.5358417892041453,-4.0199458598597295e-05,-0.0011344275230149,-0.0013003910288994,-0.0003320222847203,0.5477
-0.0015899362042118,-0.0001686691233179,-0.0010043711160075,-0.0006135359628627,-0.0099502983527707,0.6928727857483428,0.7022572911146808,0.0117142091098173,-0.0010043711160075,-0.0006135359628627,-0.0015899362042118,-0.0001686691233179,0.7022572911146808,0.0117142091098173,-0.0099502983527707,0.6928727857483428,-0.0099502983527707,0.6928727857483428,0.7022572911146808,0.0117142091098173,-0.0015899362042118,-0.0001686691233179,-0.0010043711160075,-0.0006135359628627,0.7022572911146808,0.0117142091098173,-0.0099502983527707,0.6928727857483428,-0.0010043711160075,-0.0006135359628627,-0.0015899362042118,-0.0001686691233179,0.5478
-0.0015861476042721,0.0001914351425342,-0.0010812793202954,0.000503216354353,0.4237189359917632,0.5481537229794576,0.5565613732068194,-0.4282139298658058,-0.0010812793202954,0.000503216354353,-0.0015861476042721,0.0001914351425342,0.5565613732068194,-0.4282139298658058,0.4237189359917632,0.5481537229794576,0.4237189359917632,0.5481537229794576,0.5565613732068194,-0.4282139298658058,-0.0015861476042721,0.0001914351425342,-0.0010812793202954,0.000503216354353,0.5565613732068194,-0.4282139298658058,0.4237189359917632,0.5481537229794576,-0.0010812793202954,0.000503216354353,-0.0015861476042721,0.0001914351425342,0.5478999999999999
-0.0012592033129782,0.0003914678991625,-0.0001578994994259,0.0011765464331543,0.6727576136944201,0.1650314461136236,0.168774959709673,-0.6815099031943834,-0.0001578994994259,0.0011765464331543,-0.0012592033129782,0.0003914678991625,0.168774959709673,-0.6815099031943834,0.6727576136944201,0.1650314461136236,0.6727576136944201,0.1650314461136236,0.168774959709673,-0.6815099031943834,-0.0012592033129782,0.0003914678991625,-0.0001578994994259,0.0011765464331543,0.168774959709673,-0.6815099031943834,0.6727576136944201,0.1650314461136236,-0.0001578994994259,0.0011765464331543,-0.0012592033129782,0.0003914678991625,0.5479999999999999
-0.0009038409156627,0.0002295722386198,0.0009233801962595,0.0007426219877586,0.6291173030546383,-0.289585828523477,-0.2921285842773961,-0.6382798640591933,0.0009233801962595,0.0007426219877586,-0.0009038409156627,0.0002295722386198,-0.2921285842773961,-0.6382798640591933,0.6291173030546383,-0.289585828523477,0.6291173030546383,-0.289585828523477,-0.2921285842773961,-0.6382798640591933,-0.0009038409156627,0.0002295722386198,0.0009233801962595,0.0007426219877586,-0.2921285842773961,-0.6382798640591933,0.6291173030546383,-0.289585828523477,0.0009233801962595,0.0007426219877586,-0.0009038409156627,0.0002295722386198,0.5480999999999999
-0.0008379187975399,-0.0001422315075135,0.0011310166621124,-0.0004243363710416,0.3121722257644085,-0.6180540428710078,-0.6257575476672775,-0.3177369193380124,0.0011310166621124,-0.0004243363710416,-0.0008379187975399,-0.0001422315075135,-0.6257575476672775,-0.3177369193380124,0.3121722257644085,-0.6180540428710078,0.3121722257644085,-0.6180540428710078,-0.6257575476672775,-0.3177369193380124,-0.0008379187975399,-0.0001422315075135,0.0011310166621124,-0.0004243363710416,-0.6257575476672775,-0.3177369193380124,0.3121722257644085,-0.6180540428710078,0.0011310166621124,-0.0004243363710416,-0.0008379187975399,-0.0001422315075135,0.5481999999999999
-0.0010899509612741,-0.0003820256362003,0.0002375989820759,-0.0012291266544468,-0.140058640090715,-0.677945996907759,-0.6874348247743742,0.1405228985286606,0.0002375989820759,-0.0012291266544468,-0.0010899509612741,-0.0003820256362003,-0.6874348247743742,0.1405228985286606,-0.140058640090715,-0.677945996907759,-0.140058640090715,-0.677945996907759,-0.6874348247743742,0.1405228985286606,-0.0010899509612741,-0.0003820256362003,0.0002375989820759,-0.0012291266544468,-0.6874348247743742,0.1405228985286606,-0.140058640090715,-0.677945996907759,0.0002375989820759,-0.0012291266544468,-0.0010899509612741,-0.0003820256362003,0.5483
-0.0013900303047017,-0.000299034990978,-0.0009308795914276,-0.0008928776227146,-0.531180593789117,-0.4436899654616607,-0.4508089783987641,0.5374666601315282,-0.0009308795914276,-0.0008928776227146,-0.0013900303047017,-0.000299034990978,-0.4508089783987641,0.5374666601315282,-0.531180593789117,-0.4436899654616607,-0.531180593789117,-0.4436899654616607,-0.4508089783987641,0.5374666601315282,-0.0013900303047017,-0.000299034990978,-0.0009308795914276,-0.0008928776227146,-0.4508089783987641,0.5374666601315282,-0.531180593789117,-0.4436899654616607,-0.0009308795914276,-0.0008928776227146,-0.0013900303047017,-0.000299034990978,0.5484
-0.0014493216292295,-2.285162663611044e-05,-0.0012670230617717,0.0002855204227445,-0.6917451584073184,-0.0172744132534768,-0.0189100201219028,0.7010954108330504,-0.0012670230617717,0.0002855204227445,-0.0014493216292295,-2.285162663611044e-05,-0.0189100201219028,0.7010954108330504,-0.6917451584073184,-0.0172744132534768,-0.6917451584073184,-0.0172744132534768,-0.0189100201219028,0.7010954108330504,-0.0014493216292295,-2.285162663611044e-05,-0.0012670230617717,0.0002855204227445,-0.0189100201219028,0.7010954108330504,-0.6917451584073184,-0.0172744132534768,-0.0012670230617717,0.0002855204227445,-0.0014493216292295,-2.285162663611044e-05,0.5485
-0.0012329954888771,0.0001449866176694,-0.0004425104933025,0.0012000874930468,-0.5525371408207115,0.4163180724684727,0.4208720583562859,0.5608584725624636,-0.0004425104933025,0.0012000874930468,-0.0012329954888771,0.0001449866176694,0.4208720583562859,0.5608584725624636,-0.5525371408207115,0.4163180724684727,-0.5525371408207115,0.4163180724684727,0.4208720583562859,0.5608584725624636,-0.0012329954888771,0.0001449866176694,-0.0004425104933025,0.0012000874930468,0.4208720583562859,0.5608584725624636,-0.5525371408207115,0.4163180724684727,-0.0004425104933025,0.0012000874930468,-0.0012329954888771,0.0001449866176694,0.5486
-0.0009729990137944,2.507276242200255e-05,0.0007738699711292,0.0009879027748796,-0.1742277408555239,0.6693864680711846,0.6781308894085649,0.1778890913677194,0.0007738699711292,0.0009879027748796,-0.0009729990137944,2.507276242200255e-05,0.6781308894085649,0.1778890913677194,-0.1742277408555239,0.6693864680711846,-0.1742277408555239,0.6693864680711846,0.6781308894085649,0.1778890913677194,-0.0009729990137944,2.507276242200255e-05,0.0007738699711292,0.0009879027748796,0.6781308894085649,0.1778890913677194,-0.1742277408555239,0.6693864680711846,0.0007738699711292,0.0009879027748796,-0.0009729990137944,2.507276242200255e-05,0.5487
-0.0009376360649511,-0.0002821208854368,0.0012447703694866,-0.0001558003063186,0.2792020981677109,0.6326866746655992,0.6418013701824665,-0.2817915222735266,0.0012447703694866,-0.0001558003063186,-0.0009376360649511,-0.0002821208854368,0.6418013701824665,-0.2817915222735266,0.2792020981677109,0.6326866746655992,0.2792020981677109,0.6326866746655992,0.6418013701824665,-0.2817915222735266,-0.0009376360649511,-0.0002821208854368,0.0012447703694866,-0.0001558003063186,0.6418013701824665,-0.2817915222735266,0.2792020981677109,0.6326866746655992,0.0012447703694866,-0.0001558003063186,-0.0009376360649511,-0.0002821208854368,0.5488
-0.0011855121749896,-0.0004995176311535,0.0005309915965128,-0.0011684535020171,0.6116026154149122,0.3224715196281188,0.3279789318462881,-0.6193072184040443,0.0005309915965128,-0.0011684535020171,-0.0011855121749896,-0.0004995176311535,0.3279789318462881,-0.6193072184040443,0.6116026154149122,0.3224715196281188,0.6116026154149122,0.3224715196281188,0.3279789318462881,-0.6193072184040443,-0.0011855121749896,-0.0004995176311535,0.0005309915965128,-0.0011684535020171,0.3279789318462881,-0.6193072184040443,0.6116026154149122,0.3224715196281188,0.0005309915965128,-0.0011684535020171,-0.0011855121749896,-0.0004995176311535,0.5488999999999999
-0.0015168249253005,-0.0004272806232495,-0.0007097401762781,-0.0011133434652492,0.6795142746832238,-0.1268350535493558,-0.1273353571695977,-0.6889628462731323,-0.0007097401762781,-0.0011133434652492,-0.0015168249253005,-0.0004272806232495,-0.1273353571695977,-0.6889628462731323,0.6795142746832238,-0.1268350535493558,0.6795142746832238,-0.1268350535493558,-0.1273353571695977,-0.6889628462731323,-0.0015168249253005,-0.0004272806232495,-0.0007097401762781,-0.0011133434652492,-0.1273353571695977,-0.6889628462731323,0.6795142746832238,-0.1268350535493558,-0.0007097401762781,-0.0011133434652492,-0.0015168249253005,-0.0004272806232495,0.5489999999999999
-0.0016538173480137,-0.0001229530531202,-0.0013383133620252,-3.6826547245210745e-05,0.4540098841148494,-0.521026662466772,-0.5272982403243522,-0.4610722651640183,-0.0013383133620252,-3.6826547245210745e-05,-0.0016538173480137,-0.0001229530531202,-0.5272982403243522,-0.4610722651640183,0.4540098841148494,-0.521026662466772,0.4540098841148494,-0.521026662466772,-0.5272982403243522,-0.4610722651640183,-0.0016538173480137,-0.0001229530531202,-0.0013383133620252,-3.6826547245210745e-05,-0.5272982403243522,-0.4610722651640183,0.4540098841148494,-0.521026662466772,-0.0013383133620252,-3.6826547245210745e-05,-0.0016538173480137,-0.0001229530531202,0.5490999999999999
-0.0014925810897108,0.0001474784531128,-0.0007743407539068,0.0010824346379927,0.032836234384424,-0.6901304345034791,-0.6994110883689967,-0.034451392757212,-0.0007743407539068,0.0010824346379927,-0.0014925810897108,0.0001474784531128,-0.6994110883689967,-0.034451392757212,0.032836234384424,-0.6901304345034791,0.032836234384424,-0.6901304345034791,-0.6994110883689967,-0.034451392757212,-0.0014925810897108,0.0001474784531128,-0.0007743407539068,0.0010824346379927,-0.6994110883689967,-0.034451392757212,0.032836234384424,-0.6901304345034791,-0.0007743407539068,0.0010824346379927,-0.0014925810897108,0.0001474784531128,0.5491999999999999
-0.0012035821298272,0.0001520417388965,0.0004805243619287,0.001221600340555,-0.4021521239331308,-0.5616106719622198,-0.569860079766748,0.4066422150824177,0.0004805243619287,0.001221600340555,-0.0012035821298272,0.0001520417388965,-0.569860079766748,0.4066422150824177,-0.4021521239331308,-0.5616106719622198,-0.4021521239331308,-0.5616106719622198,-0.569860079766748,0.4066422150824177,-0.0012035821298272,0.0001520417388965,0.0004805243619287,0.001221600340555,-0.569860079766748,0.4066422150824177,-0.4021521239331308,-0.5616106719622198,0.0004805243619287,0.001221600340555,-0.0012035821298272,0.0001520417388965,0.5492999999999999
-0.0010764140156076,-8.428992397135893e-05,0.0012900345857851,0.0002369602226102,-0.6635798631223124,-0.1912724005692487,-0.1949494690189031,0.6721989060217151,0.0012900345857851,0.0002369602226102,-0.0010764140156076,-8.428992397135893e-05,-0.1949494690189031,0.6721989060217151,-0.6635798631223124,-0.1912724005692487,-0.6635798631223124,-0.1912724005692487,-0.1949494690189031,0.6721989060217151,-0.0010764140156076,-8.428992397135893e-05,0.0012900345857851,0.0002369602226102,-0.1949494690189031,0.6721989060217151,-0.6635798631223124,-0.1912724005692487,0.0012900345857851,0.0002369602226102,-0.0010764140156076,-8.428992397135893e-05,0.5494
-0.0012376055672239,-0.0002957095105663,0.0009018362751912,-0.0009931669115854,-0.6391641721050432,0.2611385893302398,0.263590373404261,0.6482013446415024,0.0009018362751912,-0.0009931669115854,-0.0012376055672239,-0.0002957095105663,0.263590373404261,0.6482013446415024,-0.6391641721050432,0.2611385893302398,-0.6391641721050432,0.2611385893302398,0.263590373404261,0.6482013446415024,-0.0012376055672239,-0.0002957095105663,0.0009018362751912,-0.0009931669115854,0.263590373404261,0.6482013446415024,-0.6391641721050432,0.2611385893302398,0.0009018362751912,-0.0009931669115854,-0.0012376055672239,-0.0002957095105663,0.5495
-0.0015157705351533,-0.0002368771396504,-0.0003590152307567,-0.0013419939950133,-0.3397894259749365,0.6008865319361524,0.608419834038951,0.3453672596829855,-0.0003590152307567,-0.0013419939950133,-0.0015157705351533,-0.0002368771396504,0.608419834038951,0.3453672596829855,-0.3397894259749365,0.6008865319361524,-0.3397894259749365,0.6008865319361524,0.608419834038951,0.3453672596829855,-0.0015157705351533,-0.0002368771396504,-0.0003590152307567,-0.0013419939950133,0.608419834038951,0.3453672596829855,-0.3397894259749365,0.6008865319361524,-0.0003590152307567,-0.0013419939950133,-0.0015157705351533,-0.0002368771396504,0.5496
-0.0016076336915463,6.170308982165264e-05,-0.0013519395322906,-0.0004584411748731,0.105453944795544,0.6820415551609642,0.6914282535959435,-0.1057612857774808,-0.0013519395322906,-0.0004584411748731,-0.0016076336915463,6.170308982165264e-05,0.6914282535959435,-0.1057612857774808,0.105453944795544,0.6820415551609642,0.105453944795544,0.6820415551609642,0.6914282535959435,-0.1057612857774808,-0.0016076336915463,6.170308982165264e-05,-0.0013519395322906,-0.0004584411748731,0.6914282535959435,-0.1057612857774808,0.105453944795544,0.6820415551609642,-0.0013519395322906,-0.0004584411748731,-0.0016076336915463,6.170308982165264e-05,0.5497
-0.0013904843017526,0.0003159234388288,-0.0011425670647955,0.0008771375446724,0.5050362882889325,0.470102555512025,0.4772667378017748,-0.5111279275700373,-0.0011425670647955,0.0008771375446724,-0.0013904843017526,0.0003159234388288,0.4772667378017748,-0.5111279275700373,0.5050362882889325,0.470102555512025,0.5050362882889325,0.470102555512025,0.4772667378017748,-0.5111279275700373,-0.0013904843017526,0.0003159234388288,-0.0011425670647955,0.0008771375446724,0.4772667378017748,-0.5111279275700373,0.5050362882889325,0.470102555512025,-0.0011425670647955,0.0008771375446724,-0.0013904843017526,0.0003159234388288,0.5498
-0.0010536765917686,0.0002787607716885,0.000116618193408,0.0014308239298638,0.6874616183754364,0.0565271137103713,0.0583313815725198,-0.696683039255727,0.000116618193408,0.0014308239298638,-0.0010536765917686,0.0002787607716885,0.0583313815725198,-0.696683039255727,0.6874616183754364,0.0565271137103713,0.6874616183754364,0.0565271137103713,0.0583313815725198,-0.696683039255727,-0.0010536765917686,0.0002787607716885,0.000116618193408,0.0014308239298638,0.0583313815725198,-0.696683039255727,0.6874616183754364,0.0565271137103713,0.000116618193408,0.0014308239298638,-0.0010536765917686,0.0002787607716885,0.5498999999999999
-0.0009023967858457,-5.34750991288336e-06,0.0012803836756904,0.000654420024413,0.5748297120717377,-0.3809319944748477,-0.3852470802855003,-0.5831398917102225,0.0012803836756904,0.000654420024413,-0.0009023967858457,-5.34750991288336e-06,-0.3852470802855003,-0.5831398917102225,0.5748297120717377,-0.3809319944748477,0.5748297120717377,-0.3809319944748477,-0.3852470802855003,-0.5831398917102225,-0.0009023967858457,-5.34750991288336e-06,0.0012803836756904,0.000654420024413,-0.3852470802855003,-0.5831398917102225,0.5748297120717377,-0.3809319944748477,0.0012803836756904,0.000654420024413,-0.0009023967858457,-5.34750991288336e-06,0.5499999999999999
-0.0010430255102658,-0.0002555681232252,0.001250141639506,-0.0007663577953646,0.2159028078431862,-0.6547344505183754,-0.663230104338112,-0.2197199025553747,0.001250141639506,-0.0007663577953646,-0.0010430255102658,-0.0002555681232252,-0.663230104338112,-0.2197199025553747,0.2159028078431862,-0.6547344505183754,0.2159028078431862,-0.6547344505183754,-0.663230104338112,-0.2197199025553747,-0.0010430255102658,-0.0002555681232252,0.001250141639506,-0.0007663577953646,-0.663230104338112,-0.2197199025553747,0.2159028078431862,-0.6547344505183754,0.001250141639506,-0.0007663577953646,-0.0010430255102658,-0.0002555681232252,0.5500999999999999
-0.0012884532436626,-0.0002533646018658,1.8065942884705236e-05,-0.0015134423952677,-0.2352130099730577,-0.6478716294705136,-0.6568617365429698,0.237449931200058,1.8065942884705236e-05,-0.0015134423952677,-0.0012884532436626,-0.0002533646018658,-0.6568617365429698,0.237449931200058,-0.2352130099730577,-0.6478716294705136,-0.2352130099730577,-0.6478716294705136,-0.6568617365429698,0.237449931200058,-0.0012884532436626,-0.0002533646018658,1.8065942884705236e-05,-0.0015134423952677,-0.6568617365429698,0.237449931200058,-0.2352130099730577,-0.6478716294705136,1.8065942884705236e-05,-0.0015134423952677,-0.0012884532436626,-0.0002533646018658,0.5501999999999999
-0.0013725800973796,-5.682495618826045e-05,-0.0012882534189704,-0.0008667868895273,-0.5853030491012909,-0.363685499964249,-0.3693740385137559,0.5925778059873219,-0.0012882534189704,-0.0008667868895273,-0.0013725800973796,-5.682495618826045e-05,-0.3693740385137559,0.5925778059873219,-0.5853030491012909,-0.363685499964249,-0.5853030491012909,-0.363685499964249,-0.3693740385137559,0.5925778059873219,-0.0013725800973796,-5.682495618826045e-05,-0.0012882534189704,-0.0008667868895273,-0.3693740385137559,0.5925778059873219,-0.5853030491012909,-0.363685499964249,-0.0012882534189704,-0.0008667868895273,-0.0013725800973796,-5.682495618826045e-05,0.5503
-0.0012262145936745,8.720933945755688e-05,-0.0014444559517863,0.0005959408590123,-0.6847418578368004,0.0758771263910504,0.0758656373185549,0.6939789092161982,-0.0014444559517863,0.0005959408590123,-0.0012262145936745,8.720933945755688e-05,0.0758656373185549,0.6939789092161982,-0.6847418578368004,0.0758771263910504,-0.6847418578368004,0.0758771263910504,0.0758656373185549,0.6939789092161982,-0.0012262145936745,8.720933945755688e-05,-0.0014444559517863,0.0005959408590123,0.0758656373185549,0.6939789092161982,-0.6847418578368004,0.0758771263910504,-0.0014444559517863,0.0005959408590123,-0.0012262145936745,8.720933945755688e-05,0.5504
-0.0010234747504359,1.2129042268254555e-05,-0.0002857220002252,0.0015190991290114,-0.4913538024738399,0.4826647632371852,0.4883664694280236,0.4986600824117159,-0.0002857220002252,0.0015190991290114,-0.0010234747504359,1.2129042268254555e-05,0.4883664694280236,0.4986600824117159,-0.4913538024738399,0.4826647632371852,-0.4913538024738399,0.4826647632371852,0.4883664694280236,0.4986600824117159,-0.0010234747504359,1.2129042268254555e-05,-0.0002857220002252,0.0015190991290114,0.4883664694280236,0.4986600824117159,-0.4913538024738399,0.4826647632371852,-0.0002857220002252,0.0015190991290114,-0.0010234747504359,1.2129042268254555e-05,0.5505
-0.0009801983943887,-0.0002137167757056,0.0011232221057402,0.0010349013654025,-0.0881975429486865,0.6829021971504087,0.6919425719825515,0.0904202825760487,0.0011232221057402,0.0010349013654025,-0.0009801983943887,-0.0002137167757056,0.6919425719825515,0.0904202825760487,-0.0881975429486865,0.6829021971504087,-0.0881975429486865,0.6829021971504087,0.6919425719825515,0.0904202825760487,-0.0009801983943887,-0.0002137167757056,0.0011232221057402,0.0010349013654025,0.6919425719825515,0.0904202825760487,-0.0881975429486865,0.6829021971504087,0.0011232221057402,0.0010349013654025,-0.0009801983943887,-0.0002137167757056,0.5506
-0.0011409172000874,-0.0003832034618311,0.0014751607417349,-0.0004200742283337,0.3522519926224263,0.5914144591817143,0.5999068104448914,-0.3561378296839364,0.0014751607417349,-0.0004200742283337,-0.0011409172000874,-0.0003832034618311,0.5999068104448914,-0.3561378296839364,0.3522519926224263,0.5914144591817143,0.3522519926224263,0.5914144591817143,0.5999068104448914,-0.3561378296839364,-0.0011409172000874,-0.0003832034618311,0.0014751607417349,-0.0004200742283337,0.5999068104448914,-0.3561378296839364,0.3522519926224263,0.5914144591817143,0.0014751607417349,-0.0004200742283337,-0.0011409172000874,-0.0003832034618311,0.5507
-0.0013618117215768,-0.0003622719127601,0.0004357257334555,-0.0015066075491832,0.642022168404343,0.2477256703383875,0.2519533298771333,-0.650347515440639,0.0004357257334555,-0.0015066075491832,-0.0013618117215768,-0.0003622719127601,0.2519533298771333,-0.650347515440639,0.642022168404343,0.2477256703383875,0.642022168404343,0.2477256703383875,0.2519533298771333,-0.650347515440639,-0.0013618117215768,-0.0003622719127601,0.0004357257334555,-0.0015066075491832,0.2519533298771333,-0.650347515440639,0.642022168404343,0.2477256703383875,0.0004357257334555,-0.0015066075491832,-0.0013618117215768,-0.0003622719127601,0.5508
-0.0014685347504395,-0.0001981986426238,-0.0010473258719567,-0.0012202473972435,0.6578608757911566,-0.201228363869266,-0.2030838661550854,-0.666971931963065,-0.0010473258719567,-0.0012202473972435,-0.0014685347504395,-0.0001981986426238,-0.2030838661550854,-0.666971931963065,0.6578608757911566,-0.201228363869266,0.6578608757911566,-0.201228363869266,-0.2030838661550854,-0.666971931963065,-0.0014685347504395,-0.0001981986426238,-0.0010473258719567,-0.0012202473972435,-0.2030838661550854,-0.666971931963065,0.6578608757911566,-0.201228363869266,-0.0010473258719567,-0.0012202473972435,-0.0014685347504395,-0.0001981986426238,0.5509
-0.0014122059411866,-4.844901208620954e-05,-0.0016159608774188,0.0001866705938778,0.3934897348138595,-0.5640668349522087,-0.571112304169812,-0.3994564776867908,-0.0016159608774188,0.0001866705938778,-0.0014122059411866,-4.844901208620954e-05,-0.571112304169812,-0.3994564776867908,0.3934897348138595,-0.5640668349522087,0.3934897348138595,-0.5640668349522087,-0.571112304169812,-0.3994564776867908,-0.0014122059411866,-4.844901208620954e-05,-0.0016159608774188,0.0001866705938778,-0.571112304169812,-0.3994564776867908,0.3934897348138595,-0.5640668349522087,-0.0016159608774188,0.0001866705938778,-0.0014122059411866,-4.844901208620954e-05,0.5509999999999999
-0.0012904506988548,-2.8068891569974945e-05,-0.0007425332371507,0.0014366480575577,-0.0381379724795846,-0.6865170150468893,-0.6956751114894089,0.037767223279742,-0.0007425332371507,0.0014366480575577,-0.0012904506988548,-2.8068891569974945e-05,-0.6956751114894089,0.037767223279742,-0.0381379724795846,-0.6865170150468893,-0.0381379724795846,-0.6865170150468893,-0.6956751114894089,0.037767223279742,-0.0012904506988548,-2.8068891569974945e-05,-0.0007425332371507,0.0014366480575577,-0.6956751114894089,0.037767223279742,-0.0381379724795846,-0.6865170150468893,-0.0007425332371507,0.0014366480575577,-0.0012904506988548,-2.8068891569974945e-05,0.5510999999999999
-0.0012421047523265,-0.0001165477105833,0.0007896358859787,0.0013880009059373,-0.4532055934174899,-0.5168504041879671,-0.5242916409927146,0.4584888433128378,0.0007896358859787,0.0013880009059373,-0.0012421047523265,-0.0001165477105833,-0.5242916409927146,0.4584888433128378,-0.4532055934174899,-0.5168504041879671,-0.4532055934174899,-0.5168504041879671,-0.5242916409927146,0.4584888433128378,-0.0012421047523265,-0.0001165477105833,0.0007896358859787,0.0013880009059373,-0.5242916409927146,0.4584888433128378,-0.4532055934174899,-0.5168504041879671,0.0007896358859787,0.0013880009059373,-0.0012421047523265,-0.0001165477105833,0.5511999999999999
-0.0013190208306485,-0.0001898236388178,0.0015917740357956,7.102239387813677e-05,-0.6752906342487408,-0.1275875609476243,-0.1302621803534068,0.684023780018369,0.0015917740357956,7.102239387813677e-05,-0.0013190208306485,-0.0001898236388178,-0.1302621803534068,0.684023780018369,-0.6752906342487408,-0.1275875609476243,-0.6752906342487408,-0.1275875609476243,-0.1302621803534068,0.684023780018369,-0.0013190208306485,-0.0001898236388178,0.0015917740357956,7.102239387813677e-05,-0.1302621803534068,0.684023780018369,-0.6752906342487408,-0.1275875609476243,0.0015917740357956,7.102239387813677e-05,-0.0013190208306485,-0.0001898236388178,0.5512999999999999
-0.0014408875808494,-0.0001412454710059,0.0009237077396859,-0.0013305092041326,-0.610287797316133,0.3155742003868189,0.3188195033715076,0.6188826931185881,0.0009237077396859,-0.0013305092041326,-0.0014408875808494,-0.0001412454710059,0.3188195033715076,0.6188826931185881,-0.610287797316133,0.3155742003868189,-0.610287797316133,0.3155742003868189,0.3188195033715076,0.6188826931185881,-0.0014408875808494,-0.0001412454710059,0.0009237077396859,-0.0013305092041326,0.3188195033715076,0.6188826931185881,-0.610287797316133,0.3155742003868189,0.0009237077396859,-0.0013305092041326,-0.0014408875808494,-0.0001412454710059,0.5514
-0.0014721883228536,1.2290040499010674e-05,-0.0006272225315504,-0.0015394799976524,-0.286223601819414,0.6243552272256028,0.6322687659793295,0.2910393096957943,-0.0006272225315504,-0.0015394799976524,-0.0014721883228536,1.2290040499010674e-05,0.6322687659793295,0.2910393096957943,-0.286223601819414,0.6243552272256028,-0.286223601819414,0.6243552272256028,0.6322687659793295,0.2910393096957943,-0.0014721883228536,1.2290040499010674e-05,-0.0006272225315504,-0.0015394799976524,0.6322687659793295,0.2910393096957943,-0.286223601819414,0.6243552272256028,-0.0006272225315504,-0.0015394799976524,-0.0014721883228536,1.2290040499010674e-05,0.5515
-0.0013588085017032,0.0001397350505007,-0.0016593418902878,-0.0003445484453464,0.1589492009761907,0.6679447238602718,0.6772023328883795,-0.160082010963572,-0.0016593418902878,-0.0003445484453464,-0.0013588085017032,0.0001397350505007,0.6772023328883795,-0.160082010963572,0.1589492009761907,0.6679447238602718,0.1589492009761907,0.6679447238602718,0.6772023328883795,-0.160082010963572,-0.0013588085017032,0.0001397350505007,-0.0016593418902878,-0.0003445484453464,0.6772023328883795,-0.160082010963572,0.1589492009761907,0.6679447238602718,-0.0016593418902878,-0.0003445484453464,-0.0013588085017032,0.0001397350505007,0.5516
-0.0011924330534424,0.0001260905932994,-0.001218667859237,0.0011876136250521,0.5362702167045126,0.4283550596826366,0.4349092593447218,-0.5429294646404077,-0.001218667859237,0.0011876136250521,-0.0011924330534424,0.0001260905932994,0.4349092593447218,-0.5429294646404077,0.5362702167045126,0.4283550596826366,0.5362702167045126,0.4283550596826366,0.4349092593447218,-0.5429294646404077,-0.0011924330534424,0.0001260905932994,-0.001218667859237,0.0011876136250521,0.4349092593447218,-0.5429294646404077,0.5362702167045126,0.4283550596826366,-0.001218667859237,0.0011876136250521,-0.0011924330534424,0.0001260905932994,0.5517
-0.0011215223944709,-8.507402619460605e-07,0.0003204915187642,0.0016607878038767,0.6860687998948475,0.0076032580915495,0.0085942582286662,-0.6953173885726887,0.0003204915187642,0.0016607878038767,-0.0011215223944709,-8.507402619460605e-07,0.0085942582286662,-0.6953173885726887,0.6860687998948475,0.0076032580915495,0.6860687998948475,0.0076032580915495,0.0085942582286662,-0.6953173885726887,-0.0011215223944709,-8.507402619460605e-07,0.0003204915187642,0.0016607878038767,0.0085942582286662,-0.6953173885726887,0.6860687998948475,0.0076032580915495,0.0003204915187642,0.0016607878038767,-0.0011215223944709,-8.507402619460605e-07,0.5518
-0.0011878915629191,-9.323079413235574e-05,0.001570477202864,0.000620599662942,0.5453817719646749,-0.415953988923613,-0.4208399563716821,-0.5531953200084122,0.001570477202864,0.000620599662942,-0.0011878915629191,-9.323079413235574e-05,-0.4208399563716821,-0.5531953200084122,0.5453817719646749,-0.415953988923613,0.5453817719646749,-0.415953988923613,-0.4208399563716821,-0.5531953200084122,-0.0011878915629191,-9.323079413235574e-05,0.001570477202864,0.000620599662942,-0.4208399563716821,-0.5531953200084122,0.5453817719646749,-0.415953988923613,0.001570477202864,0.000620599662942,-0.0011878915629191,-9.323079413235574e-05,0.5519
-0.0012723724561027,-4.968170175490792e-05,0.0013818512694673,-0.0010099228545259,0.1741610666203165,-0.663230463726635,-0.6717893655070605,-0.1773241960011653,0.0013818512694673,-0.0010099228545259,-0.0012723724561027,-4.968170175490792e-05,-0.6717893655070605,-0.1773241960011653,0.1741610666203165,-0.663230463726635,0.1741610666203165,-0.663230463726635,-0.6717893655070605,-0.1773241960011653,-0.0012723724561027,-4.968170175490792e-05,0.0013818512694673,-0.0010099228545259,-0.6717893655070605,-0.1773241960011653,0.1741610666203165,-0.663230463726635,0.0013818512694673,-0.0010099228545259,-0.0012723724561027,-4.968170175490792e-05,0.5519999999999999
-0.0012301492588961,5.785472973641075e-05,-9.83727598420158e-05,-0.0017511033087891,-0.2703914804220015,-0.6299668485855302,-0.6386452045575322,0.2730501120445784,-9.83727598420158e-05,-0.0017511033087891,-0.0012301492588961,5.785472973641075e-05,-0.6386452045575322,0.2730501120445784,-0.2703914804220015,-0.6299668485855302,-0.2703914804220015,-0.6299668485855302,-0.6386452045575322,0.2730501120445784,-0.0012301492588961,5.785472973641075e-05,-9.83727598420158e-05,-0.0017511033087891,-0.6386452045575322,0.2730501120445784,-0.2703914804220015,-0.6299668485855302,-9.83727598420158e-05,-0.0017511033087891,-0.0012301492588961,5.785472973641075e-05,0.5520999999999999
-0.0010719365769859,5.884658808027499e-05,-0.0015404861915771,-0.0009127966066495,-0.6003635388899097,-0.3305734570255606,-0.3358948332058935,0.6077472499497535,-0.0015404861915771,-0.0009127966066495,-0.0010719365769859,5.884658808027499e-05,-0.3358948332058935,0.6077472499497535,-0.6003635388899097,-0.3305734570255606,-0.6003635388899097,-0.3305734570255606,-0.3358948332058935,0.6077472499497535,-0.0010719365769859,5.884658808027499e-05,-0.0015404861915771,-0.0009127966066495,-0.3358948332058935,0.6077472499497535,-0.6003635388899097,-0.3305734570255606,-0.0015404861915771,-0.0009127966066495,-0.0010719365769859,5.884658808027499e-05,0.5521999999999999
-0.000970191355624,-0.0001090700137225,-0.0016313490477185,0.0007643297497061,-0.6765511003709442,0.1081433839861724,0.1084024972930408,0.6857428756407624,-0.0016313490477185,0.0007643297497061,-0.000970191355624,-0.0001090700137225,0.1084024972930408,0.6857428756407624,-0.6765511003709442,0.1081433839861724,-0.6765511003709442,0.1081433839861724,0.1084024972930408,0.6857428756407624,-0.000970191355624,-0.0001090700137225,-0.0016313490477185,0.0007643297497061,0.1084024972930408,0.6857428756407624,-0.6765511003709442,0.1081433839861724,-0.0016313490477185,0.0007643297497061,-0.000970191355624,-0.0001090700137225,0.5523
-0.0010628782438623,-0.0003051594254828,-0.0002708254040674,0.001767955495946,-0.4672037473606366,0.5007878600808514,0.5067088298294841,0.4744005434090089,-0.0002708254040674,0.001767955495946,-0.0010628782438623,-0.0003051594254828,0.5067088298294841,0.4744005434090089,-0.4672037473606366,0.5007878600808514,-0.4672037473606366,0.5007878600808514,0.5067088298294841,0.4744005434090089,-0.0010628782438623,-0.0003051594254828,-0.0002708254040674,0.001767955495946,0.5067088298294841,0.4744005434090089,-0.4672037473606366,0.5007878600808514,-0.0002708254040674,0.001767955495946,-0.0010628782438623,-0.0003051594254828,0.5524
-0.0012777560164948,-0.0003325767013451,0.0013265092947181,0.0011797129077838,-0.0611382382036214,0.6818724700566222,0.6910758452226125,0.0631425687858037,0.0013265092947181,0.0011797129077838,-0.0012777560164948,-0.0003325767013451,0.6910758452226125,0.0631425687858037,-0.0611382382036214,0.6818724700566222,-0.0611382382036214,0.6818724700566222,0.6910758452226125,0.0631425687858037,-0.0012777560164948,-0.0003325767013451,0.0013265092947181,0.0011797129077838,0.6910758452226125,0.0631425687858037,-0.0611382382036214,0.6818724700566222,0.0013265092947181,0.0011797129077838,-0.0012777560164948,-0.0003325767013451,0.5525
-0.0013957694300907,-0.0001695750427311,0.0017187341016275,-0.0004900566616414,0.3701978888031804,0.5755541573744278,0.5840335451425308,-0.3743722035270376,0.0017187341016275,-0.0004900566616414,-0.0013957694300907,-0.0001695750427311,0.5840335451425308,-0.3743722035270376,0.3701978888031804,0.5755541573744278,0.3701978888031804,0.5755541573744278,0.5840335451425308,-0.3743722035270376,-0.0013957694300907,-0.0001695750427311,0.0017187341016275,-0.0004900566616414,0.5840335451425308,-0.3743722035270376,0.3701978888031804,0.5755541573744278,0.0017187341016275,-0.0004900566616414,-0.0013957694300907,-0.0001695750427311,0.5526
-0.0012971419079987,-1.1311894069726317e-05,0.0005328350793306,-0.0017501209273074,0.6452614475274463,0.2271518025807042,0.2311839797710159,-0.6537567318532352,0.0005328350793306,-0.0017501209273074,-0.0012971419079987,-1.1311894069726317e-05,0.2311839797710159,-0.6537567318532352,0.6452614475274463,0.2271518025807042,0.6452614475274463,0.2271518025807042,0.2311839797710159,-0.6537567318532352,-0.0012971419079987,-1.1311894069726317e-05,0.0005328350793306,-0.0017501209273074,0.2311839797710159,-0.6537567318532352,0.6452614475274463,0.2271518025807042,0.0005328350793306,-0.0017501209273074,-0.0012971419079987,-1.1311894069726317e-05,0.5527
-0.0011099507375337,-5.823617470217541e-05,-0.0011902496057687,-0.0014568116074372,0.648703013494353,-0.2164198179931384,-0.2184493792660292,-0.6577810773530721,-0.0011902496057687,-0.0014568116074372,-0.0011099507375337,-5.823617470217541e-05,-0.2184493792660292,-0.6577810773530721,0.648703013494353,-0.2164198179931384,0.648703013494353,-0.2164198179931384,-0.2184493792660292,-0.6577810773530721,-0.0011099507375337,-5.823617470217541e-05,-0.0011902496057687,-0.0014568116074372,-0.2184493792660292,-0.6577810773530721,0.648703013494353,-0.2164198179931384,-0.0011902496057687,-0.0014568116074372,-0.0011099507375337,-5.823617470217541e-05,0.5528
-0.0010810619422998,-0.000282852557365,-0.0019096173333053,0.0001578996962132,0.3795079115643407,-0.5686394794099213,-0.5756917346674387,-0.3854176887582352,-0.0019096173333053,0.0001578996962132,-0.0010810619422998,-0.000282852557365,-0.5756917346674387,-0.3854176887582352,0.3795079115643407,-0.5686394794099213,0.3795079115643407,-0.5686394794099213,-0.5756917346674387,-0.3854176887582352,-0.0010810619422998,-0.000282852557365,-0.0019096173333053,0.0001578996962132,-0.5756917346674387,-0.3854176887582352,0.3795079115643407,-0.5686394794099213,-0.0019096173333053,0.0001578996962132,-0.0010810619422998,-0.000282852557365,0.5529
-0.00130267562677,-0.0004409632636901,-0.0009540249425777,0.0016711216420492,-0.0488796732351627,-0.6817013594902847,-0.6908484188156738,0.0484029144691852,-0.0009540249425777,0.0016711216420492,-0.00130267562677,-0.0004409632636901,-0.6908484188156738,0.0484029144691852,-0.0488796732351627,-0.6817013594902847,-0.0488796732351627,-0.6817013594902847,-0.6908484188156738,0.0484029144691852,-0.00130267562677,-0.0004409632636901,-0.0009540249425777,0.0016711216420492,-0.6908484188156738,0.0484029144691852,-0.0488796732351627,-0.6817013594902847,-0.0009540249425777,0.0016711216420492,-0.00130267562677,-0.0004409632636901,0.5529999999999999
-0.0015940226331629,-0.0003254348950355,0.0008591765791507,0.0017168114401109,-0.4563764753800086,-0.5084595502010126,-0.5161069168052383,0.4615116312578629,0.0008591765791507,0.0017168114401109,-0.0015940226331629,-0.0003254348950355,-0.5161069168052383,0.4615116312578629,-0.4563764753800086,-0.5084595502010126,-0.4563764753800086,-0.5084595502010126,-0.5161069168052383,0.4615116312578629,-0.0015940226331629,-0.0003254348950355,0.0008591765791507,0.0017168114401109,-0.5161069168052383,0.4615116312578629,-0.4563764753800086,-0.5084595502010126,0.0008591765791507,0.0017168114401109,-0.0015940226331629,-0.0003254348950355,0.5530999999999999
-0.0016725033259061,5.219940577819844e-06,0.0019178627820592,0.0002118013853442,-0.6719945549474131,-0.1220458383208604,-0.1250830449202442,0.6808341944904576,0.0019178627820592,0.0002118013853442,-0.0016725033259061,5.219940577819844e-06,-0.1250830449202442,0.6808341944904576,-0.6719945549474131,-0.1220458383208604,-0.6719945549474131,-0.1220458383208604,-0.1250830449202442,0.6808341944904576,-0.0016725033259061,5.219940577819844e-06,0.0019178627820592,0.0002118013853442,-0.1250830449202442,0.6808341944904576,-0.6719945549474131,-0.1220458383208604,0.0019178627820592,0.0002118013853442,-0.0016725033259061,5.219940577819844e-06,0.5531999999999999
-0.0014415801722869,0.0002660321784957,0.0012404456190374,-0.0015298302919967,-0.6056336396174036,0.3151128282988292,0.3181689905913692,0.6146446719822368,0.0012404456190374,-0.0015298302919967,-0.0014415801722869,0.0002660321784957,0.3181689905913692,0.6146446719822368,-0.6056336396174036,0.3151128282988292,-0.6056336396174036,0.3151128282988292,0.3181689905913692,0.6146446719822368,-0.0014415801722869,0.0002660321784957,0.0012404456190374,-0.0015298302919967,0.3181689905913692,0.6146446719822368,-0.6056336396174036,0.3151128282988292,0.0012404456190374,-0.0015298302919967,-0.0014415801722869,0.0002660321784957,0.5532999999999999
-0.0011024109412342,0.0002190425287427,-0.0006156806615666,-0.0019345997526889,-0.2856514824163013,0.6197411032667108,0.6278307761187712,0.2909153610913592,-0.0006156806615666,-0.0019345997526889,-0.0011024109412342,0.0002190425287427,0.6278307761187712,0.2909153610913592,-0.2856514824163013,0.6197411032667108,-0.2856514824163013,0.6197411032667108,0.6278307761187712,0.2909153610913592,-0.0011024109412342,0.0002190425287427,-0.0006156806615666,-0.0019345997526889,0.6278307761187712,0.2909153610913592,-0.2856514824163013,0.6197411032667108,-0.0006156806615666,-0.0019345997526889,-0.0011024109412342,0.0002190425287427,0.5534
-0.0009728858158965,-8.657643774801806e-05,-0.0020012386950045,-0.0005870730461603,0.1534821551878117,0.6646089357704401,0.6742717555375736,-0.1543989835609033,-0.0020012386950045,-0.0005870730461603,-0.0009728858158965,-8.657643774801806e-05,0.6742717555375736,-0.1543989835609033,0.1534821551878117,0.6646089357704401,0.1534821551878117,0.6646089357704401,0.6742717555375736,-0.1543989835609033,-0.0009728858158965,-8.657643774801806e-05,-0.0020012386950045,-0.0005870730461603,0.6742717555375736,-0.1543989835609033,0.1534821551878117,0.6646089357704401,-0.0020012386950045,-0.0005870730461603,-0.0009728858158965,-8.657643774801806e-05,0.5535
-0.0011817135066508,-0.0003438857732248,-0.0016341329084092,0.0013455000250469,0.5279003369780628,0.4315021093558104,0.4384819308334896,-0.5345881069040389,-0.0016341329084092,0.0013455000250469,-0.0011817135066508,-0.0003438857732248,0.4384819308334896,-0.5345881069040389,0.5279003369780628,0.4315021093558104,0.5279003369780628,0.4315021093558104,0.4384819308334896,-0.5345881069040389,-0.0011817135066508,-0.0003438857732248,-0.0016341329084092,0.0013455000250469,0.4384819308334896,-0.5345881069040389,0.5279003369780628,0.4315021093558104,-0.0016341329084092,0.0013455000250469,-0.0011817135066508,-0.0003438857732248,0.5536
-0.0015267307883532,-0.0002709194336816,0.0002133266882074,0.0021167044561987,0.6813123963092813,0.0183456793915266,0.0197316131675336,-0.6907749576252983,0.0002133266882074,0.0021167044561987,-0.0015267307883532,-0.0002709194336816,0.0197316131675336,-0.6907749576252983,0.6813123963092813,0.0183456793915266,0.6813123963092813,0.0183456793915266,0.0197316131675336,-0.6907749576252983,-0.0015267307883532,-0.0002709194336816,0.0002133266882074,0.0021167044561987,0.0197316131675336,-0.6907749576252983,0.6813123963092813,0.0183456793915266,0.0002133266882074,0.0021167044561987,-0.0015267307883532,-0.0002709194336816,0.5537
-0.0016434112994298,0.0001075161781336,0.0019025566774237,0.0009794256670914,0.5500485431511059,-0.402062118628574,-0.4066374008732215,-0.5583293591699485,0.0019025566774237,0.0009794256670914,-0.0016434112994298,0.0001075161781336,-0.4066374008732215,-0.5583293591699485,0.5500485431511059,-0.402062118628574,0.5500485431511059,-0.402062118628574,-0.4066374008732215,-0.5583293591699485,-0.0016434112994298,0.0001075161781336,0.0019025566774237,0.0009794256670914,-0.4066374008732215,-0.5583293591699485,0.5500485431511059,-0.402062118628574,0.0019025566774237,0.0009794256670914,-0.0016434112994298,0.0001075161781336,0.5538
-0.0013488454147814,0.0004487558295755,0.0018819791801237,-0.0010901692647585,0.1893157466610919,-0.6542638991779693,-0.662853891128611,-0.1932022953310425,0.0018819791801237,-0.0010901692647585,-0.0013488454147814,0.0004487558295755,-0.662853891128611,-0.1932022953310425,0.1893157466610919,-0.6542638991779693,0.1893157466610919,-0.6542638991779693,-0.662853891128611,-0.1932022953310425,-0.0013488454147814,0.0004487558295755,0.0018819791801237,-0.0010901692647585,-0.662853891128611,-0.1932022953310425,0.1893157466610919,-0.6542638991779693,0.0018819791801237,-0.0010901692647585,-0.0013488454147814,0.0004487558295755,0.5539
-0.0008484955043976,0.0003917683598116,0.0001157692610904,-0.0022287926156332,-0.2500613499041703,-0.6332803015052599,-0.6425704564796701,0.2520810346198429,0.0001157692610904,-0.0022287926156332,-0.0008484955043976,0.0003917683598116,-0.6425704564796701,0.2520810346198429,-0.2500613499041703,-0.6332803015052599,-0.2500613499041703,-0.6332803015052599,-0.6425704564796701,0.2520810346198429,-0.0008484955043976,0.0003917683598116,0.0001157692610904,-0.0022287926156332,-0.6425704564796701,0.2520810346198429,-0.2500613499041703,-0.6332803015052599,0.0001157692610904,-0.0022287926156332,-0.0008484955043976,0.0003917683598116,0.5539999999999999
-0.0005866964614867,-8.538820044676942e-05,-0.0018342899703863,-0.0013683751822818,-0.5847246201357167,-0.3482803479148241,-0.3546061377276822,0.5920582211566638,-0.0018342899703863,-0.0013683751822818,-0.0005866964614867,-8.538820044676942e-05,-0.3546061377276822,0.5920582211566638,-0.5847246201357167,-0.3482803479148241,-0.5847246201357167,-0.3482803479148241,-0.3546061377276822,0.5920582211566638,-0.0005866964614867,-8.538820044676942e-05,-0.0018342899703863,-0.0013683751822818,-0.3546061377276822,0.5920582211566638,-0.5847246201357167,-0.3482803479148241,-0.0018342899703863,-0.0013683751822818,-0.0005866964614867,-8.538820044676942e-05,0.5540999999999999
-0.0008384811892559,-0.000595031537912,-0.0021940101457979,0.0007614947104605,-0.6753815777915199,0.081485386114781,0.0809321633505016,0.6852676349018106,-0.0021940101457979,0.0007614947104605,-0.0008384811892559,-0.000595031537912,0.0809321633505016,0.6852676349018106,-0.6753815777915199,0.081485386114781,-0.6753815777915199,0.081485386114781,0.0809321633505016,0.6852676349018106,-0.0008384811892559,-0.000595031537912,-0.0021940101457979,0.0007614947104605,0.0809321633505016,0.6852676349018106,-0.6753815777915199,0.081485386114781,-0.0021940101457979,0.0007614947104605,-0.0008384811892559,-0.000595031537912,0.5541999999999999
-0.0014124233782421,-0.0006690707618607,-0.0005939965110879,0.0022536211349144,-0.4847854586530452,0.4767707185167113,0.4825466608515169,0.4930469758798376,-0.0005939965110879,0.0022536211349144,-0.0014124233782421,-0.0006690707618607,0.4825466608515169,0.4930469758798376,-0.4847854586530452,0.4767707185167113,-0.4847854586530452,0.4767707185167113,0.4825466608515169,0.4930469758798376,-0.0014124233782421,-0.0006690707618607,-0.0005939965110879,0.0022536211349144,0.4825466608515169,0.4930469758798376,-0.4847854586530452,0.4767707185167113,-0.0005939965110879,0.0022536211349144,-0.0014124233782421,-0.0006690707618607,0.5543
-0.0017807036437247,-0.0002153116737187,0.0015599129334877,0.0017345120452729,-0.0928345652188257,0.67324313264943,0.6829841504434657,0.0957373342229511,0.0015599129334877,0.0017345120452729,-0.0017807036437247,-0.0002153116737187,0.6829841504434657,0.0957373342229511,-0.0928345652188257,0.67324313264943,-0.0928345652188257,0.67324313264943,0.6829841504434657,0.0957373342229511,-0.0017807036437247,-0.0002153116737187,0.0015599129334877,0.0017345120452729,0.6829841504434657,0.0957373342229511,-0.0928345652188257,0.67324313264943,0.0015599129334877,0.0017345120452729,-0.0017807036437247,-0.0002153116737187,0.5544
-0.0015662544011655,0.0003439031770702,0.0023254291634671,-0.0003750668666029,0.3371816830370823,0.5897100415857199,0.5991299532723777,-0.340934684046886,0.0023254291634671,-0.0003750668666029,-0.0015662544011655,0.0003439031770702,0.5991299532723777,-0.340934684046886,0.3371816830370823,0.5897100415857199,0.3371816830370823,0.5897100415857199,0.5991299532723777,-0.340934684046886,-0.0015662544011655,0.0003439031770702,0.0023254291634671,-0.0003750668666029,0.5991299532723777,-0.340934684046886,0.3371816830370823,0.5897100415857199,0.0023254291634671,-0.0003750668666029,-0.0015662544011655,0.0003439031770702,0.5545
-0.0009401601300458,0.0004357923580069,0.0009726763845781,-0.0022031541942015,0.6266779970879289,0.2614119778827342,0.2665045825827811,-0.635335375916925,0.0009726763845781,-0.0022031541942015,-0.0009401601300458,0.0004357923580069,0.2665045825827811,-0.635335375916925,0.6266779970879289,0.2614119778827342,0.6266779970879289,0.2614119778827342,0.2665045825827811,-0.635335375916925,-0.0009401601300458,0.0004357923580069,0.0009726763845781,-0.0022031541942015,0.2665045825827811,-0.635335375916925,0.6266779970879289,0.2614119778827342,0.0009726763845781,-0.0022031541942015,-0.0009401601300458,0.0004357923580069,0.5546
-0.0005126569053213,-0.0001017995467637,-0.0013301945406253,-0.0020872354069616,0.6557977859429539,-0.1750112025050199,-0.1761661554671851,-0.6656805362964081,-0.0013301945406253,-0.0020872354069616,-0.0005126569053213,-0.0001017995467637,-0.1761661554671851,-0.6656805362964081,0.6557977859429539,-0.1750112025050199,0.6557977859429539,-0.1750112025050199,-0.1761661554671851,-0.6656805362964081,-0.0005126569053213,-0.0001017995467637,-0.0013301945406253,-0.0020872354069616,-0.1761661554671851,-0.6656805362964081,0.6557977859429539,-0.1750112025050199,-0.0013301945406253,-0.0020872354069616,-0.0005126569053213,-0.0001017995467637,0.5547
-0.000767273691872,-0.0008092857286859,-0.0025276989485304,-7.800206945244766e-05,0.4128855004274945,-0.5383913181079705,-0.5452000012580722,-0.4201214421085305,-0.0025276989485304,-7.800206945244766e-05,-0.000767273691872,-0.0008092857286859,-0.5452000012580722,-0.4201214421085305,0.4128855004274945,-0.5383913181079705,0.4128855004274945,-0.5383913181079705,-0.5452000012580722,-0.4201214421085305,-0.000767273691872,-0.0008092857286859,-0.0025276989485304,-7.800206945244766e-05,-0.5452000012580722,-0.4201214421085305,0.4128855004274945,-0.5383913181079705,-0.0025276989485304,-7.800206945244766e-05,-0.000767273691872,-0.0008092857286859,0.5548
-0.0015601295756553,-0.0009974776066679,-0.0015061002227539,0.0020647822167264,-0.0009199115646642,-0.6782015156558183,-0.6880852081450402,-0.0008700812523376,-0.0015061002227539,0.0020647822167264,-0.0015601295756553,-0.0009974776066679,-0.6880852081450402,-0.0008700812523376,-0.0009199115646642,-0.6782015156558183,-0.0009199115646642,-0.6782015156558183,-0.6880852081450402,-0.0008700812523376,-0.0015601295756553,-0.0009974776066679,-0.0015061002227539,0.0020647822167264,-0.6880852081450402,-0.0008700812523376,-0.0009199115646642,-0.6782015156558183,-0.0015061002227539,0.0020647822167264,-0.0015601295756553,-0.0009974776066679,0.5549
-0.0021957427290268,-0.000410757973611,0.0008794658201764,0.0024101425817364,-0.4138644420944619,-0.5368980655762051,-0.5460745804256957,0.4184558225912082,0.0008794658201764,0.0024101425817364,-0.0021957427290268,-0.000410757973611,-0.5460745804256957,0.4184558225912082,-0.4138644420944619,-0.5368980655762051,-0.4138644420944619,-0.5368980655762051,-0.5460745804256957,0.4184558225912082,-0.0021957427290268,-0.000410757973611,0.0008794658201764,0.0024101425817364,-0.5460745804256957,0.4184558225912082,-0.4138644420944619,-0.5368980655762051,0.0008794658201764,0.0024101425817364,-0.0021957427290268,-0.000410757973611,0.5549999999999999
-0.0020593213132771,0.0004762514502292,0.0025167797063358,0.0005887330090253,-0.6549709701787425,-0.1735237623022524,-0.1781241024294388,0.6644314628772354,0.0025167797063358,0.0005887330090253,-0.0020593213132771,0.0004762514502292,-0.1781241024294388,0.6644314628772354,-0.6549709701787425,-0.1735237623022524,-0.6549709701787425,-0.1735237623022524,-0.1781241024294388,0.6644314628772354,-0.0020593213132771,0.0004762514502292,0.0025167797063358,0.0005887330090253,-0.1781241024294388,0.6644314628772354,-0.6549709701787425,-0.1735237623022524,0.0025167797063358,0.0005887330090253,-0.0020593213132771,0.0004762514502292,0.5550999999999999
-0.0012275145482161,0.0008565138944805,0.0018991384312511,-0.0018239166172435,-0.6248507495194551,0.2611395390659219,0.2633992662176703,0.6353491875019034,0.0018991384312511,-0.0018239166172435,-0.0012275145482161,0.0008565138944805,0.2633992662176703,0.6353491875019034,-0.6248507495194551,0.2611395390659219,-0.6248507495194551,0.2611395390659219,0.2633992662176703,0.6353491875019034,-0.0012275145482161,0.0008565138944805,0.0018991384312511,-0.0018239166172435,0.2633992662176703,0.6353491875019034,-0.6248507495194551,0.2611395390659219,0.0018991384312511,-0.0018239166172435,-0.0012275145482161,0.0008565138944805,0.5551999999999999
-0.0004529517047572,0.0003495511780971,-0.0004931431233675,-0.0026613772687302,-0.3365335611890315,0.5872876969109867,0.5956686768891184,0.343437654010636,-0.0004931431233675,-0.0026613772687302,-0.0004529517047572,0.0003495511780971,0.5956686768891184,0.343437654010636,-0.3365335611890315,0.5872876969109867,-0.3365335611890315,0.5872876969109867,0.5956686768891184,0.343437654010636,-0.0004529517047572,0.0003495511780971,-0.0004931431233675,-0.0026613772687302,0.5956686768891184,0.343437654010636,-0.3365335611890315,0.5872876969109867,-0.0004931431233675,-0.0026613772687302,-0.0004529517047572,0.0003495511780971,0.5552999999999999
-0.0004864549453839,-0.0005936120265611,-0.0025525402157426,-0.0011046339018437,0.0903660240519176,0.6704702448250235,0.6813316963286411,-0.0901338732821907,-0.0025525402157426,-0.0011046339018437,-0.0004864549453839,-0.0005936120265611,0.6813316963286411,-0.0901338732821907,0.0903660240519176,0.6704702448250235,0.0903660240519176,0.6704702448250235,0.6813316963286411,-0.0901338732821907,-0.0004864549453839,-0.0005936120265611,-0.0025525402157426,-0.0011046339018437,0.6813316963286411,-0.0901338732821907,0.0903660240519176,0.6704702448250235,-0.0025525402157426,-0.0011046339018437,-0.0004864549453839,-0.0005936120265611,0.5553999999999999
-0.0013461115875628,-0.0010633681750387,-0.0023921704147577,0.0015212735439477,0.4794097708982527,0.47687407970309,0.4855432183417495,-0.4858368559454792,-0.0023921704147577,0.0015212735439477,-0.0013461115875628,-0.0010633681750387,0.4855432183417495,-0.4858368559454792,0.4794097708982527,0.47687407970309,0.4794097708982527,0.47687407970309,0.4855432183417495,-0.4858368559454792,-0.0013461115875628,-0.0010633681750387,-0.0023921704147577,0.0015212735439477,0.4855432183417495,-0.4858368559454792,0.4794097708982527,0.47687407970309,-0.0023921704147577,0.0015212735439477,-0.0013461115875628,-0.0010633681750387,0.5555
-0.0022407249702206,-0.000540683258213,-7.159253535434218e-05,0.0028649070430681,0.6702637295926892,0.0868839131080102,0.0898966364294769,-0.6805481690818098,-7.159253535434218e-05,0.0028649070430681,-0.0022407249702206,-0.000540683258213,0.0898966364294769,-0.6805481690818098,0.6702637295926892,0.0868839131080102,0.6702637295926892,0.0868839131080102,0.0898966364294769,-0.6805481690818098,-0.0022407249702206,-0.000540683258213,-7.159253535434218e-05,0.0028649070430681,0.0898966364294769,-0.6805481690818098,0.6702637295926892,0.0868839131080102,-7.159253535434218e-05,0.0028649070430681,-0.0022407249702206,-0.000540683258213,0.5556
-0.0022737488768276,0.0005650052915367,0.0023764761456886,0.0016502895273673,0.5846732699521774,-0.3384228629244662,-0.3421345980695585,-0.5947305481021883,0.0023764761456886,0.0016502895273673,-0.0022737488768276,0.0005650052915367,-0.3421345980695585,-0.5947305481021883,0.5846732699521774,-0.3384228629244662,0.5846732699521774,-0.3384228629244662,-0.3421345980695585,-0.5947305481021883,-0.0022737488768276,0.0005650052915367,0.0023764761456886,0.0016502895273673,-0.3421345980695585,-0.5947305481021883,0.5846732699521774,-0.3384228629244662,0.0023764761456886,0.0016502895273673,-0.0022737488768276,0.0005650052915367,0.5557
-0.0013064760345721,0.00123584679268,0.0027217527775639,-0.0011122619441941,0.2584044039775017,-0.6238383960169906,-0.6329085677097699,-0.264361593948774,0.0027217527775639,-0.0011122619441941,-0.0013064760345721,0.00123584679268,-0.6329085677097699,-0.264361593948774,0.2584044039775017,-0.6238383960169906,0.2584044039775017,-0.6238383960169906,-0.6329085677097699,-0.264361593948774,-0.0013064760345721,0.00123584679268,0.0027217527775639,-0.0011122619441941,-0.6329085677097699,-0.264361593948774,0.2584044039775017,-0.6238383960169906,0.0027217527775639,-0.0011122619441941,-0.0013064760345721,0.00123584679268,0.5558
-0.0001561520477605,0.0007813891261885,0.0005697333051389,-0.0029572352144787,-0.1738162373580288,-0.6521519908716973,-0.6632303851753334,0.1744905012855828,0.0005697333051389,-0.0029572352144787,-0.0001561520477605,0.0007813891261885,-0.6632303851753334,0.1744905012855828,-0.1738162373580288,-0.6521519908716973,-0.1738162373580288,-0.6521519908716973,-0.6632303851753334,0.1744905012855828,-0.0001561520477605,0.0007813891261885,0.0005697333051389,-0.0029572352144787,-0.6632303851753334,0.1744905012855828,-0.1738162373580288,-0.6521519908716973,0.0005697333051389,-0.0029572352144787,-0.0001561520477605,0.0007813891261885,0.5559
0.0001154356759536,-0.0004680412811486,-0.0022036546816028,-0.0021651709612242,-0.5340009349901085,-0.4121966823722551,-0.4208137096332001,0.5414593988238634,-0.0022036546816028,-0.0021651709612242,0.0001154356759536,-0.0004680412811486,-0.4208137096332001,0.5414593988238634,-0.5340009349901085,-0.4121966823722551,-0.5340009349901085,-0.4121966823722551,-0.4208137096332001,0.5414593988238634,0.0001154356759536,-0.0004680412811486,-0.0022036546816028,-0.0021651709612242,-0.4208137096332001,0.5414593988238634,-0.5340009349901085,-0.4121966823722551,-0.0022036546816028,-0.0021651709612242,0.0001154356759536,-0.0004680412811486,0.5559999999999999
-0.0007954175227745,-0.0014005663698974,-0.0030850513135225,0.000632162782114,-0.6742234749706372,-0.0031376135258615,-0.005390081115074,0.685662273783584,-0.0030850513135225,0.000632162782114,-0.0007954175227745,-0.0014005663698974,-0.005390081115074,0.685662273783584,-0.6742234749706372,-0.0031376135258615,-0.6742234749706372,-0.0031376135258615,-0.005390081115074,0.685662273783584,-0.0007954175227745,-0.0014005663698974,-0.0030850513135225,0.000632162782114,-0.005390081115074,0.685662273783584,-0.6742234749706372,-0.0031376135258615,-0.0030850513135225,0.000632162782114,-0.0007954175227745,-0.0014005663698974,0.5560999999999999
-0.0020884497351736,-0.001133331143292,-0.0012051737803417,0.0029451823782967,-0.5373383016263623,0.4066391890908495,0.4120316324347321,0.5478548452831321,-0.0012051737803417,0.0029451823782967,-0.0020884497351736,-0.001133331143292,0.4120316324347321,0.5478548452831321,-0.5373383016263623,0.4066391890908495,-0.5373383016263623,0.4066391890908495,0.4120316324347321,0.5478548452831321,-0.0020884497351736,-0.001133331143292,-0.0012051737803417,0.0029451823782967,0.4120316324347321,0.5478548452831321,-0.5373383016263623,0.4066391890908495,-0.0012051737803417,0.0029451823782967,-0.0020884497351736,-0.001133331143292,0.5561999999999999
-0.0025517452765056,0.0001261364045126,0.0018073884478041,0.0026444311160924,-0.1801351320839099,0.6489416180527146,0.6597185331186548,0.1850826419657043,0.0018073884478041,0.0026444311160924,-0.0025517452765056,0.0001261364045126,0.6597185331186548,0.1850826419657043,-0.1801351320839099,0.6489416180527146,-0.1801351320839099,0.6489416180527146,0.6597185331186548,0.1850826419657043,-0.0025517452765056,0.0001261364045126,0.0018073884478041,0.0026444311160924,0.6597185331186548,0.1850826419657043,-0.1801351320839099,0.6489416180527146,0.0018073884478041,0.0026444311160924,-0.0025517452765056,0.0001261364045126,0.5562999999999999
-0.001695915820458,0.0012083935482315,0.0032364587088714,-7.699412147143822e-05,0.2504066765186727,0.6247824091627512,0.6362908993054532,-0.2530818382106041,0.0032364587088714,-7.699412147143822e-05,-0.001695915820458,0.0012083935482315,0.6362908993054532,-0.2530818382106041,0.2504066765186727,0.6247824091627512,0.2504066765186727,0.6247824091627512,0.6362908993054532,-0.2530818382106041,-0.001695915820458,0.0012083935482315,0.0032364587088714,-7.699412147143822e-05,0.6362908993054532,-0.2530818382106041,0.2504066765186727,0.6247824091627512,0.0032364587088714,-7.699412147143822e-05,-0.001695915820458,0.0012083935482315,0.5564
-0.0002681927568139,0.0010409508466158,0.0017302671147358,-0.0028086856457017,0.577714820230749,0.3446609479641715,0.3521912809483295,-0.5867578704441063,0.0017302671147358,-0.0028086856457017,-0.0002681927568139,0.0010409508466158,0.3521912809483295,-0.5867578704441063,0.577714820230749,0.3446609479641715,0.577714820230749,0.3446609479641715,0.3521912809483295,-0.5867578704441063,-0.0002681927568139,0.0010409508466158,0.0017302671147358,-0.0028086856457017,0.3521912809483295,-0.5867578704441063,0.577714820230749,0.3446609479641715,0.0017302671147358,-0.0028086856457017,-0.0002681927568139,0.0010409508466158,0.5565
0.0003842832536339,-0.0003203768658676,-0.0014236944454539,-0.0030613706279499,0.6680153182617841,-0.0761736606204673,-0.0755254235006864,-0.679798046718576,-0.0014236944454539,-0.0030613706279499,0.0003842832536339,-0.0003203768658676,-0.0755254235006864,-0.679798046718576,0.6680153182617841,-0.0761736606204673,0.6680153182617841,-0.0761736606204673,-0.0755254235006864,-0.679798046718576,0.0003842832536339,-0.0003203768658676,-0.0014236944454539,-0.0030613706279499,-0.0755254235006864,-0.679798046718576,0.6680153182617841,-0.0761736606204673,-0.0014236944454539,-0.0030613706279499,0.0003842832536339,-0.0003203768658676,0.5566
-0.0004391427713724,-0.0016740318911201,-0.003401264036383,-0.0005360886253666,0.4848732926484791,-0.4652537219956879,-0.4718330594825068,-0.4948625097133615,-0.003401264036383,-0.0005360886253666,-0.0004391427713724,-0.0016740318911201,-0.4718330594825068,-0.4948625097133615,0.4848732926484791,-0.4652537219956879,0.4848732926484791,-0.4652537219956879,-0.4718330594825068,-0.4948625097133615,-0.0004391427713724,-0.0016740318911201,-0.003401264036383,-0.0005360886253666,-0.4718330594825068,-0.4948625097133615,0.4848732926484791,-0.4652537219956879,-0.003401264036383,-0.0005360886253666,-0.0004391427713724,-0.0016740318911201,0.5567
-0.0020878740393357,-0.0017419376828939,-0.0023744920194066,0.0025468553452098,0.1037267058372821,-0.663577209337372,-0.6750891982184376,-0.1078713503561386,-0.0023744920194066,0.0025468553452098,-0.0020878740393357,-0.0017419376828939,-0.6750891982184376,-0.1078713503561386,0.1037267058372821,-0.663577209337372,0.1037267058372821,-0.663577209337372,-0.6750891982184376,-0.1078713503561386,-0.0020878740393357,-0.0017419376828939,-0.0023744920194066,0.0025468553452098,-0.6750891982184376,-0.1078713503561386,0.1037267058372821,-0.663577209337372,-0.0023744920194066,0.0025468553452098,-0.0020878740393357,-0.0017419376828939,0.5568
-0.0030928064121798,-0.000371240112663,0.0008017270035824,0.0034050571490453,-0.3193047918390888,-0.5904899363362563,-0.6024592272244552,0.3230956542673883,0.0008017270035824,0.0034050571490453,-0.0030928064121798,-0.000371240112663,-0.6024592272244552,0.3230956542673883,-0.3193047918390888,-0.5904899363362563,-0.3193047918390888,-0.5904899363362563,-0.6024592272244552,0.3230956542673883,-0.0030928064121798,-0.000371240112663,0.0008017270035824,0.0034050571490453,-0.6024592272244552,0.3230956542673883,-0.3193047918390888,-0.5904899363362563,0.0008017270035824,0.0034050571490453,-0.0030928064121798,-0.000371240112663,0.5569
-0.0024987374406268,0.0012567643786261,0.0033027348151534,0.0012063963123137,-0.6113909734195473,-0.2763526895170575,-0.2836342742828052,0.6219642533591622,0.0033027348151534,0.0012063963123137,-0.0024987374406268,0.0012567643786261,-0.2836342742828052,0.6219642533591622,-0.6113909734195473,-0.2763526895170575,-0.6113909734195473,-0.2763526895170575,-0.2836342742828052,0.6219642533591622,-0.0024987374406268,0.0012567643786261,0.0033027348151534,0.0012063963123137,-0.2836342742828052,0.6219642533591622,-0.6113909734195473,-0.2763526895170575,0.0033027348151534,0.0012063963123137,-0.0024987374406268,0.0012567643786261,0.5569999999999999
-0.0007874020741861,0.0016573638040118,0.0028489668136362,-0.0021328250905472,-0.6535543101016935,0.1501587922541473,0.1509664191093794,0.6665544381862595,0.0028489668136362,-0.0021328250905472,-0.0007874020741861,0.0016573638040118,0.1509664191093794,0.6665544381862595,-0.6535543101016935,0.1501587922541473,-0.6535543101016935,0.1501587922541473,0.1509664191093794,0.6665544381862595,-0.0007874020741861,0.0016573638040118,0.0028489668136362,-0.0021328250905472,0.1509664191093794,0.6665544381862595,-0.6535543101016935,0.1501587922541473,0.0028489668136362,-0.0021328250905472,-0.0007874020741861,0.0016573638040118,0.5570999999999999
0.0004930572040486,0.0004132605755306,-0.0002198133291454,-0.003620631183278,-0.4290856262667838,0.5148137714964369,0.5235094968474252,0.4388910734949181,-0.0002198133291454,-0.003620631183278,0.0004930572040486,0.0004132605755306,0.5235094968474252,0.4388910734949181,-0.4290856262667838,0.5148137714964369,-0.4290856262667838,0.5148137714964369,0.5235094968474252,0.4388910734949181,0.0004930572040486,0.0004132605755306,-0.0002198133291454,-0.003620631183278,0.5235094968474252,0.4388910734949181,-0.4290856262667838,0.5148137714964369,-0.0002198133291454,-0.003620631183278,0.0004930572040486,0.0004132605755306,0.5571999999999999
0.000115503945026,-0.0013752735539169,-0.0031940861584118,-0.0018684851218337,-0.0300920848365755,0.6690729942120609,0.6819593732975697,0.0325472931378327,-0.0031940861584118,-0.0018684851218337,0.000115503945026,-0.0013752735539169,0.6819593732975697,0.0325472931378327,-0.0300920848365755,0.6690729942120609,-0.0300920848365755,0.6690729942120609,0.6819593732975697,0.0325472931378327,0.000115503945026,-0.0013752735539169,-0.0031940861584118,-0.0018684851218337,0.6819593732975697,0.0325472931378327,-0.0300920848365755,0.6690729942120609,-0.0031940861584118,-0.0018684851218337,0.000115503945026,-0.0013752735539169,0.5572999999999999
-0.0016584911067679,-0.0020319258758945,-0.0033869596675137,0.0016209690899371,0.3804678068691698,0.550629281663941,0.5623916793254001,-0.3863045515491341,-0.0033869596675137,0.0016209690899371,-0.0016584911067679,-0.0020319258758945,0.5623916793254001,-0.3863045515491341,0.3804678068691698,0.550629281663941,0.3804678068691698,0.550629281663941,0.5623916793254001,-0.3863045515491341,-0.0016584911067679,-0.0020319258758945,-0.0033869596675137,0.0016209690899371,0.5623916793254001,-0.3863045515491341,0.3804678068691698,0.550629281663941,-0.0033869596675137,0.0016209690899371,-0.0016584911067679,-0.0020319258758945,0.5573999999999999
-0.0032325672914769,-0.0008412275269282,-0.0005557573933865,0.0037438437400228,0.6355345449968958,0.2084121275332535,0.2143647994528534,-0.6473286582615304,-0.0005557573933865,0.0037438437400228,-0.0032325672914769,-0.0008412275269282,0.2143647994528534,-0.6473286582615304,0.6355345449968958,0.2084121275332535,0.6355345449968958,0.2084121275332535,0.2143647994528534,-0.6473286582615304,-0.0032325672914769,-0.0008412275269282,-0.0005557573933865,0.0037438437400228,0.2143647994528534,-0.6473286582615304,0.6355345449968958,0.2084121275332535,-0.0005557573933865,0.0037438437400228,-0.0032325672914769,-0.0008412275269282,0.5575
-0.0030889422337707,0.0012177540583316,0.0028241783728695,0.0025529180577593,0.6318945055059834,-0.2179264179811114,-0.2202449665117869,-0.6450852513172532,0.0028241783728695,0.0025529180577593,-0.0030889422337707,0.0012177540583316,-0.2202449665117869,-0.6450852513172532,0.6318945055059834,-0.2179264179811114,0.6318945055059834,-0.2179264179811114,-0.2202449665117869,-0.6450852513172532,-0.0030889422337707,0.0012177540583316,0.0028241783728695,0.0025529180577593,-0.2202449665117869,-0.6450852513172532,0.6318945055059834,-0.2179264179811114,0.0028241783728695,0.0025529180577593,-0.0030889422337707,0.0012177540583316,0.5576
-0.0012196870738293,0.0022791960715492,0.0037228024787562,-0.0009636138595453,0.371649509427408,-0.5551371181201198,-0.5651174767822571,-0.3809805364463364,0.0037228024787562,-0.0009636138595453,-0.0012196870738293,0.0022791960715492,-0.5651174767822571,-0.3809805364463364,0.371649509427408,-0.5551371181201198,0.371649509427408,-0.5551371181201198,-0.5651174767822571,-0.3809805364463364,-0.0012196870738293,0.0022791960715492,0.0037228024787562,-0.0009636138595453,-0.5651174767822571,-0.3809805364463364,0.371649509427408,-0.5551371181201198,0.0037228024787562,-0.0009636138595453,-0.0012196870738293,0.0022791960715492,0.5577
0.0007654368183917,0.0012843272814742,0.0012668161972086,-0.0036995209639827,-0.0391278968187109,-0.6665943317178804,-0.6804948123631616,0.0377266715870758,0.0012668161972086,-0.0036995209639827,0.0007654368183917,0.0012843272814742,-0.6804948123631616,0.0377266715870758,-0.0391278968187109,-0.6665943317178804,-0.0391278968187109,-0.6665943317178804,-0.6804948123631616,0.0377266715870758,0.0007654368183917,0.0012843272814742,0.0012668161972086,-0.0036995209639827,-0.6804948123631616,0.0377266715870758,-0.0391278968187109,-0.6665943317178804,0.0012668161972086,-0.0036995209639827,0.0007654368183917,0.0012843272814742,0.5578
0.0010450872048001,-0.0009717421249283,-0.0024202529744209,-0.003170441134305,-0.4335696782277551,-0.5074281629725325,-0.5195321030447996,0.4411029895613665,-0.0024202529744209,-0.003170441134305,0.0010450872048001,-0.0009717421249283,-0.5195321030447996,0.4411029895613665,-0.4335696782277551,-0.5074281629725325,-0.4335696782277551,-0.5074281629725325,-0.5195321030447996,0.4411029895613665,0.0010450872048001,-0.0009717421249283,-0.0024202529744209,-0.003170441134305,-0.5195321030447996,0.4411029895613665,-0.4335696782277551,-0.5074281629725325,-0.0024202529744209,-0.003170441134305,0.0010450872048001,-0.0009717421249283,0.5579
-0.0007170086307533,-0.0024701447403262,-0.0040494409167542,0.0002343765807641,-0.6516595904463357,-0.1426031282190247,-0.1476198618634094,0.6652398352991256,-0.0040494409167542,0.0002343765807641,-0.0007170086307533,-0.0024701447403262,-0.1476198618634094,0.6652398352991256,-0.6516595904463357,-0.1426031282190247,-0.6516595904463357,-0.1426031282190247,-0.1476198618634094,0.6652398352991256,-0.0007170086307533,-0.0024701447403262,-0.0040494409167542,0.0002343765807641,-0.1476198618634094,0.6652398352991256,-0.6516595904463357,-0.1426031282190247,-0.0040494409167542,0.0002343765807641,-0.0007170086307533,-0.0024701447403262,0.5579999999999999
-0.0029674094698253,-0.0017908303560749,-0.0020958079331792,0.0035236098005748,-0.6052232585187839,0.2795133113134773,0.2839135571499615,0.6191671163586574,-0.0020958079331792,0.0035236098005748,-0.0029674094698253,-0.0017908303560749,0.2839135571499615,0.6191671163586574,-0.6052232585187839,0.2795133113134773,-0.6052232585187839,0.2795133113134773,0.2839135571499615,0.6191671163586574,-0.0029674094698253,-0.0017908303560749,-0.0020958079331792,0.0035236098005748,0.2839135571499615,0.6191671163586574,-0.6052232585187839,0.2795133113134773,-0.0020958079331792,0.0035236098005748,-0.0029674094698253,-0.0017908303560749,0.5580999999999999
-0.0036145434961983,0.0005190231577038,0.0017770370376584,0.0037262312441167,-0.3137074193051884,0.5876523135080506,0.5997178472417432,0.322128187792885,0.0017770370376584,0.0037262312441167,-0.0036145434961983,0.0005190231577038,0.5997178472417432,0.322128187792885,-0.3137074193051884,0.5876523135080506,-0.3137074193051884,0.5876523135080506,0.5997178472417432,0.322128187792885,-0.0036145434961983,0.0005190231577038,0.0017770370376584,0.0037262312441167,0.5997178472417432,0.322128187792885,-0.3137074193051884,0.5876523135080506,0.0017770370376584,0.0037262312441167,-0.0036145434961983,0.0005190231577038,0.5581999999999999
-0.0019650733365238,0.0023511418304911,0.0041255333762522,0.0005731519884421,0.1041360186972982,0.6574010036396003,0.672186641951037,-0.1047485890329864,0.0041255333762522,0.0005731519884421,-0.0019650733365238,0.0023511418304911,0.672186641951037,-0.1047485890329864,0.1041360186972982,0.6574010036396003,0.1041360186972982,0.6574010036396003,0.672186641951037,-0.1047485890329864,-0.0019650733365238,0.0023511418304911,0.0041255333762522,0.0005731519884421,0.672186641951037,-0.1047485890329864,0.1041360186972982,0.6574010036396003,0.0041255333762522,0.0005731519884421,-0.0019650733365238,0.0023511418304911,0.5582999999999999
0.0005498456353517,0.0019339266308914,0.0027851911471308,-0.0031800530339018,0.4790250042832237,0.4613617780285753,0.4728901071086746,-0.4885018110468432,0.0027851911471308,-0.0031800530339018,0.0005498456353517,0.0019339266308914,0.4728901071086746,-0.4885018110468432,0.4790250042832237,0.4613617780285753,0.4790250042832237,0.4613617780285753,0.4728901071086746,-0.4885018110468432,0.0005498456353517,0.0019339266308914,0.0027851911471308,-0.0031800530339018,0.4728901071086746,-0.4885018110468432,0.4790250042832237,0.4613617780285753,0.0027851911471308,-0.0031800530339018,0.0005498456353517,0.0019339266308914,0.5584
0.0016069572897851,-0.0004874180843085,-0.0011334535935902,-0.0041570195047274,0.6598480958664317,0.0794689380012289,0.0830258002818745,-0.6745404333210566,-0.0011334535935902,-0.0041570195047274,0.0016069572897851,-0.0004874180843085,0.0830258002818745,-0.6745404333210566,0.6598480958664317,0.0794689380012289,0.6598480958664317,0.0794689380012289,0.0830258002818745,-0.6745404333210566,0.0016069572897851,-0.0004874180843085,-0.0011334535935902,-0.0041570195047274,0.0830258002818745,-0.6745404333210566,0.6598480958664317,0.0794689380012289,-0.0011334535935902,-0.0041570195047274,0.0016069572897851,-0.0004874180843085,0.5585
0.0001204911081318,-0.0027784252621021,-0.0041557020365477,-0.0014007900206116,0.5742369813330445,-0.3338931961380545,-0.3400126572059234,-0.5883403745683516,-0.0041557020365477,-0.0014007900206116,0.0001204911081318,-0.0027784252621021,-0.3400126572059234,-0.5883403745683516,0.5742369813330445,-0.3338931961380545,0.5742369813330445,-0.3338931961380545,-0.3400126572059234,-0.5883403745683516,0.0001204911081318,-0.0027784252621021,-0.0041557020365477,-0.0014007900206116,-0.3400126572059234,-0.5883403745683516,0.5742369813330445,-0.3338931961380545,-0.0041557020365477,-0.0014007900206116,0.0001204911081318,-0.0027784252621021,0.5586
-0.0026850042254023,-0.0028145175283318,-0.0035265009781827,0.0026908029349254,0.2571707637119053,-0.6121326385138921,-0.6257950947949756,-0.2648300772972375,-0.0035265009781827,0.0026908029349254,-0.0026850042254023,-0.0028145175283318,-0.6257950947949756,-0.2648300772972375,0.2571707637119053,-0.6121326385138921,0.2571707637119053,-0.6121326385138921,-0.6257950947949756,-0.2648300772972375,-0.0026850042254023,-0.0028145175283318,-0.0035265009781827,0.0026908029349254,-0.6257950947949756,-0.2648300772972375,0.2571707637119053,-0.6121326385138921,-0.0035265009781827,0.0026908029349254,-0.0026850042254023,-0.0028145175283318,0.5587
-0.0043056532475475,-0.0004553312952464,0.0002715109427291,0.004450990600492,-0.163278630419717,-0.6432805126442779,-0.6590603176509249,0.165550661333194,0.0002715109427291,0.004450990600492,-0.0043056532475475,-0.0004553312952464,-0.6590603176509249,0.165550661333194,-0.163278630419717,-0.6432805126442779,-0.163278630419717,-0.6432805126442779,-0.6590603176509249,0.165550661333194,-0.0043056532475475,-0.0004553312952464,0.0002715109427291,0.004450990600492,-0.6590603176509249,0.165550661333194,-0.163278630419717,-0.6432805126442779,0.0002715109427291,0.004450990600492,-0.0043056532475475,-0.0004553312952464,0.5588
-0.0032199972308735,0.002238363599812,0.0038760151427937,0.0022388943232925,-0.5174519282199673,-0.4150494630038893,-0.426338108433963,0.5290461415037518,0.0038760151427937,0.0022388943232925,-0.0032199972308735,0.002238363599812,-0.426338108433963,0.5290461415037518,-0.5174519282199673,-0.4150494630038893,-0.5174519282199673,-0.4150494630038893,-0.426338108433963,0.5290461415037518,-0.0032199972308735,0.002238363599812,0.0038760151427937,0.0022388943232925,-0.426338108433963,0.5290461415037518,-0.5174519282199673,-0.4150494630038893,0.0038760151427937,0.0022388943232925,-0.0032199972308735,0.002238363599812,0.5589
-0.0003349180382463,0.0028144705939634,0.0040291804794527,-0.0020272625661667,-0.6626028452174367,-0.0198839479423395,-0.0217921859757695,0.6788671929778007,0.0040291804794527,-0.0020272625661667,-0.0003349180382463,0.0028144705939634,-0.0217921859757695,0.6788671929778007,-0.6626028452174367,-0.0198839479423395,-0.6626028452174367,-0.0198839479423395,-0.0217921859757695,0.6788671929778007,-0.0003349180382463,0.0028144705939634,0.0040291804794527,-0.0020272625661667,-0.0217921859757695,0.6788671929778007,-0.6626028452174367,-0.0198839479423395,0.0040291804794527,-0.0020272625661667,-0.0003349180382463,0.0028144705939634,0.5589999999999999
0.0017497902457024,0.0006735687062961,0.0005310918206996,-0.0045370257376403,-0.5407113773947431,0.3825442424859138,0.3909967404536559,0.5549324826205151,0.0005310918206996,-0.0045370257376403,0.0017497902457024,0.0006735687062961,0.3909967404536559,0.5549324826205151,-0.5407113773947431,0.3825442424859138,-0.5407113773947431,0.3825442424859138,0.3909967404536559,0.5549324826205151,0.0017497902457024,0.0006735687062961,0.0005310918206996,-0.0045370257376403,0.3909967404536559,0.5549324826205151,-0.5407113773947431,0.3825442424859138,0.0005310918206996,-0.0045370257376403,0.0017497902457024,0.0006735687062961,0.5590999999999999
0.001065677853579,-0.0023013219461112,-0.0035266547268484,-0.0030023232504409,-0.2016930983060143,0.6302486057051934,0.6457472937125497,0.2079551561802968,-0.0035266547268484,-0.0030023232504409,0.001065677853579,-0.0023013219461112,0.6457472937125497,0.2079551561802968,-0.2016930983060143,0.6302486057051934,-0.2016930983060143,0.6302486057051934,0.6457472937125497,0.2079551561802968,0.001065677853579,-0.0023013219461112,-0.0035266547268484,-0.0030023232504409,0.6457472937125497,0.2079551561802968,-0.2016930983060143,0.6302486057051934,-0.0035266547268484,-0.0030023232504409,0.001065677853579,-0.0023013219461112,0.5591999999999999
-0.001883325697371,-0.0033722178280826,-0.0045049738543151,0.0012544604240928,0.2174828803861955,0.6243354994097321,0.6406622117499787,-0.2219159059554953,-0.0045049738543151,0.0012544604240928,-0.001883325697371,-0.0033722178280826,0.6406622117499787,-0.2219159059554953,0.2174828803861955,0.6243354994097321,0.2174828803861955,0.6243354994097321,0.6406622117499787,-0.2219159059554953,-0.001883325697371,-0.0033722178280826,-0.0045049738543151,0.0012544604240928,0.6406622117499787,-0.2219159059554953,0.2174828803861955,0.6243354994097321,-0.0045049738543151,0.0012544604240928,-0.001883325697371,-0.0033722178280826,0.5592999999999999
-0.0044734644264804,-0.0014309235829092,-0.0014889628188098,0.0044495174225257,0.5485448256798492,0.3681189120984091,0.3785864119307307,-0.5621333085134007,-0.0014889628188098,0.0044495174225257,-0.0044734644264804,-0.0014309235829092,0.3785864119307307,-0.5621333085134007,0.5485448256798492,0.3681189120984091,0.5485448256798492,0.3681189120984091,0.3785864119307307,-0.5621333085134007,-0.0044734644264804,-0.0014309235829092,-0.0014889628188098,0.0044495174225257,0.3785864119307307,-0.5621333085134007,0.5485448256798492,0.3681189120984091,-0.0014889628188098,0.0044495174225257,-0.0044734644264804,-0.0014309235829092,0.5593999999999999
-0.0042797730196378,0.0019026986209517,0.0028656576920358,0.0037140143346398,0.6592977964272,-0.0351297457720206,-0.0350276085929468,-0.6767012844834058,0.0028656576920358,0.0037140143346398,-0.0042797730196378,0.0019026986209517,-0.0350276085929468,-0.6767012844834058,0.6592977964272,-0.0351297457720206,0.6592977964272,-0.0351297457720206,-0.0350276085929468,-0.6767012844834058,-0.0042797730196378,0.0019026986209517,0.0028656576920358,0.0037140143346398,-0.0350276085929468,-0.6767012844834058,0.6592977964272,-0.0351297457720206,0.0028656576920358,0.0037140143346398,-0.0042797730196378,0.0019026986209517,0.5595
-0.001320775584081,0.0036418793663631,0.0046863159054297,-0.0003310906913378,0.5058733105316165,-0.4238482748862424,-0.4344681394977271,-0.519968287419083,0.0046863159054297,-0.0003310906913378,-0.001320775584081,0.0036418793663631,-0.4344681394977271,-0.519968287419083,0.5058733105316165,-0.4238482748862424,0.5058733105316165,-0.4238482748862424,-0.4344681394977271,-0.519968287419083,-0.001320775584081,0.0036418793663631,0.0046863159054297,-0.0003310906913378,-0.4344681394977271,-0.519968287419083,0.5058733105316165,-0.4238482748862424,0.0046863159054297,-0.0003310906913378,-0.001320775584081,0.0036418793663631,0.5596
0.0018397159686828,0.002119117200306,0.0023335241873021,-0.0041122278812827,0.1499257733698834,-0.642478745144855,-0.6596874974868147,-0.154754728343591,0.0023335241873021,-0.0041122278812827,0.0018397159686828,0.002119117200306,-0.6596874974868147,-0.154754728343591,0.1499257733698834,-0.642478745144855,0.1499257733698834,-0.642478745144855,-0.6596874974868147,-0.154754728343591,0.0018397159686828,0.002119117200306,0.0023335241873021,-0.0041122278812827,-0.6596874974868147,-0.154754728343591,0.1499257733698834,-0.642478745144855,0.0023335241873021,-0.0041122278812827,0.0018397159686828,0.002119117200306,0.5597
0.0023336258507706,-0.0014134600299624,-0.002133126807212,-0.0042714262124401,-0.265804208733738,-0.6035113285992803,-0.6203322028716248,0.2724586488279751,-0.002133126807212,-0.0042714262124401,0.0023336258507706,-0.0014134600299624,-0.6203322028716248,0.2724586488279751,-0.265804208733738,-0.6035113285992803,-0.265804208733738,-0.6035113285992803,-0.6203322028716248,0.2724586488279751,0.0023336258507706,-0.0014134600299624,-0.002133126807212,-0.0042714262124401,-0.6203322028716248,0.2724586488279751,-0.265804208733738,-0.6035113285992803,-0.002133126807212,-0.0042714262124401,0.0023336258507706,-0.0014134600299624,0.5598
-0.0003805460654991,-0.0038027004251466,-0.0047713400584467,-0.0006441526080513,-0.5745343329208253,-0.3228332045069042,-0.3323349719220763,0.5901972432528637,-0.0047713400584467,-0.0006441526080513,-0.0003805460654991,-0.0038027004251466,-0.3323349719220763,0.5901972432528637,-0.5745343329208253,-0.3228332045069042,-0.5745343329208253,-0.3228332045069042,-0.3323349719220763,0.5901972432528637,-0.0003805460654991,-0.0038027004251466,-0.0047713400584467,-0.0006441526080513,-0.3323349719220763,0.5901972432528637,-0.5745343329208253,-0.3228332045069042,-0.0047713400584467,-0.0006441526080513,-0.0003805460654991,-0.0038027004251466,0.5599
-0.0039135162852364,-0.0028194178925683,-0.0032369149164343,0.0035877910011405,-0.6527230297099246,0.0865071879827992,0.0884182443347183,0.6712104552786398,-0.0032369149164343,0.0035877910011405,-0.0039135162852364,-0.0028194178925683,0.0884182443347183,0.6712104552786398,-0.6527230297099246,0.0865071879827992,-0.6527230297099246,0.0865071879827992,0.0884182443347183,0.6712104552786398,-0.0039135162852364,-0.0028194178925683,-0.0032369149164343,0.0035877910011405,0.0884182443347183,0.6712104552786398,-0.6527230297099246,0.0865071879827992,-0.0032369149164343,0.0035877910011405,-0.0039135162852364,-0.0028194178925683,0.5599999999999999
-0.005026109764746,0.0007425771625374,0.001144945611646,0.0046933065670098,-0.4698877225464973,0.4602378767727113,0.4731472245592944,0.4836765072496296,0.001144945611646,0.0046933065670098,-0.005026109764746,0.0007425771625374,0.4731472245592944,0.4836765072496296,-0.4698877225464973,0.4602378767727113,-0.4698877225464973,0.4602378767727113,0.4731472245592944,0.4836765072496296,-0.005026109764746,0.0007425771625374,0.001144945611646,0.0046933065670098,0.4731472245592944,0.4836765072496296,-0.4698877225464973,0.4602378767727113,0.001144945611646,0.0046933065670098,-0.005026109764746,0.0007425771625374,0.5600999999999999
-0.0025877494412076,0.0036750663417953,0.0045332510763143,0.0016736072986487,-0.1001477311710448,0.64936594665996,0.6683025996684295,0.1033299056166124,0.0045332510763143,0.0016736072986487,-0.0025877494412076,0.0036750663417953,0.6683025996684295,0.1033299056166124,-0.1001477311710448,0.64936594665996,-0.1001477311710448,0.64936594665996,0.6683025996684295,0.1033299056166124,-0.0025877494412076,0.0036750663417953,0.0045332510763143,0.0016736072986487,0.6683025996684295,0.1033299056166124,-0.1001477311710448,0.64936594665996,0.0045332510763143,0.0016736072986487,-0.0025877494412076,0.0036750663417953,0.5601999999999999
0.0012952686664357,0.0032238026142942,0.0039348403845821,-0.002847073717014,0.3085455452583107,0.579446331866384,0.5966631081332013,-0.3176738352282477,0.0039348403845821,-0.002847073717014,0.0012952686664357,0.0032238026142942,0.5966631081332013,-0.3176738352282477,0.3085455452583107,0.579446331866384,0.3085455452583107,0.579446331866384,0.5966631081332013,-0.3176738352282477,0.0012952686664357,0.0032238026142942,0.0039348403845821,-0.002847073717014,0.5966631081332013,-0.3176738352282477,0.3085455452583107,0.579446331866384,0.0039348403845821,-0.002847073717014,0.0012952686664357,0.0032238026142942,0.5602999999999999
0.0031009835482824,-0.0003528752963941,-0.0001615963604893,-0.0049031271156818,0.5937475184784821,0.2791344030050027,0.2873316107758859,-0.6116759203265024,-0.0001615963604893,-0.0049031271156818,0.0031009835482824,-0.0003528752963941,0.2873316107758859,-0.6116759203265024,0.5937475184784821,0.2791344030050027,0.5937475184784821,0.2791344030050027,0.2873316107758859,-0.6116759203265024,0.0031009835482824,-0.0003528752963941,-0.0001615963604893,-0.0049031271156818,0.2873316107758859,-0.6116759203265024,0.5937475184784821,0.2791344030050027,-0.0001615963604893,-0.0049031271156818,0.0031009835482824,-0.0003528752963941,0.5604
0.0010837290476816,-0.0039150083702545,-0.0041866948946902,-0.0026592648242286,0.6424613616750839,-0.1319034050873802,-0.136312391127693,-0.6618485512037734,-0.0041866948946902,-0.0026592648242286,0.0010837290476816,-0.0039150083702545,-0.136312391127693,-0.6618485512037734,0.6424613616750839,-0.1319034050873802,0.6424613616750839,-0.1319034050873802,-0.136312391127693,-0.6618485512037734,0.0010837290476816,-0.0039150083702545,-0.0041866948946902,-0.0026592648242286,-0.136312391127693,-0.6618485512037734,0.6424613616750839,-0.1319034050873802,-0.0041866948946902,-0.0026592648242286,0.0010837290476816,-0.0039150083702545,0.5605
-0.0030660740811777,-0.0042281471076435,-0.0045967752887846,0.0019566310393715,0.4354510394412369,-0.4902208320461148,-0.5055585795230587,-0.4483323484954296,-0.0045967752887846,0.0019566310393715,-0.0030660740811777,-0.0042281471076435,-0.5055585795230587,-0.4483323484954296,0.4354510394412369,-0.4902208320461148,0.4354510394412369,-0.4902208320461148,-0.5055585795230587,-0.4483323484954296,-0.0030660740811777,-0.0042281471076435,-0.0045967752887846,0.0019566310393715,-0.5055585795230587,-0.4483323484954296,0.4354510394412369,-0.4902208320461148,-0.0045967752887846,0.0019566310393715,-0.0030660740811777,-0.0042281471076435,0.5606
-0.005665793606811,-0.0009175447864246,-0.0009899082449939,0.0049076997654689,0.0551610867173529,-0.6531249364962467,-0.6733077578459233,-0.0562502632090635,-0.0009899082449939,0.0049076997654689,-0.005665793606811,-0.0009175447864246,-0.6733077578459233,-0.0562502632090635,0.0551610867173529,-0.6531249364962467,0.0551610867173529,-0.6531249364962467,-0.6733077578459233,-0.0562502632090635,-0.005665793606811,-0.0009175447864246,-0.0009899082449939,0.0049076997654689,-0.6733077578459233,-0.0562502632090635,0.0551610867173529,-0.6531249364962467,-0.0009899082449939,0.0049076997654689,-0.005665793606811,-0.0009175447864246,0.5607
-0.004341993913639,0.0031143857305498,0.0035033564758506,0.0035761541063919,-0.3466611303157147,-0.5557794303529482,-0.5728111777901592,0.3580342741047472,0.0035033564758506,0.0035761541063919,-0.004341993913639,0.0031143857305498,-0.5728111777901592,0.3580342741047472,-0.3466611303157147,-0.5557794303529482,-0.3466611303157147,-0.5557794303529482,-0.5728111777901592,0.3580342741047472,-0.004341993913639,0.0031143857305498,0.0035033564758506,0.0035761541063919,-0.5728111777901592,0.3580342741047472,-0.3466611303157147,-0.5557794303529482,0.0035033564758506,0.0035761541063919,-0.004341993913639,0.0031143857305498,0.5608
-0.0002171902780538,0.0042436100507449,0.0049348644953143,-0.000913027444742,-0.6097818404672424,-0.2375322304990879,-0.2444468532778673,0.6294466588471564,0.0049348644953143,-0.000913027444742,-0.0002171902780538,0.0042436100507449,-0.2444468532778673,0.6294466588471564,-0.6097818404672424,-0.2375322304990879,-0.6097818404672424,-0.2375322304990879,-0.2444468532778673,0.6294466588471564,-0.0002171902780538,0.0042436100507449,0.0049348644953143,-0.000913027444742,-0.2444468532778673,0.6294466588471564,-0.6097818404672424,-0.2375322304990879,0.0049348644953143,-0.000913027444742,-0.0002171902780538,0.0042436100507449,0.5609
0.0030263365447798,0.0013896420649251,0.0020106618816157,-0.0046386036632179,-0.6300334246487371,0.1741755487091546,0.1806612887219362,0.6502929053353456,0.0020106618816157,-0.0046386036632179,0.0030263365447798,0.0013896420649251,0.1806612887219362,0.6502929053353456,-0.6300334246487371,0.1741755487091546,-0.6300334246487371,0.1741755487091546,0.1806612887219362,0.6502929053353456,0.0030263365447798,0.0013896420649251,0.0020106618816157,-0.0046386036632179,0.1806612887219362,0.6502929053353456,-0.6300334246487371,0.1741755487091546,0.0020106618816157,-0.0046386036632179,0.0030263365447798,0.0013896420649251,0.5609999999999999
0.0024159898813078,-0.0029503494367161,-0.0027364530018669,-0.0043112787961333,-0.4005543997846443,0.5156194434457737,0.5334237106857082,0.4129481068095192,-0.0027364530018669,-0.0043112787961333,0.0024159898813078,-0.0029503494367161,0.5334237106857082,0.4129481068095192,-0.4005543997846443,0.5156194434457737,-0.4005543997846443,0.5156194434457737,0.5334237106857082,0.4129481068095192,0.0024159898813078,-0.0029503494367161,-0.0027364530018669,-0.0043112787961333,0.5334237106857082,0.4129481068095192,-0.4005543997846443,0.5156194434457737,-0.0027364530018669,-0.0043112787961333,0.0024159898813078,-0.0029503494367161,0.5610999999999999
-0.0016131237072108,-0.0048707588958868,-0.0051432643111868,-0.0001837982581496,-0.0132550245599917,0.652177897359879,0.6741896925552023,0.0121924923874814,-0.0051432643111868,-0.0001837982581496,-0.0016131237072108,-0.0048707588958868,0.6741896925552023,0.0121924923874814,-0.0132550245599917,0.652177897359879,-0.0132550245599917,0.652177897359879,0.6741896925552023,0.0121924923874814,-0.0016131237072108,-0.0048707588958868,-0.0051432643111868,-0.0001837982581496,0.6741896925552023,0.0121924923874814,-0.0132550245599917,0.652177897359879,-0.0051432643111868,-0.0001837982581496,-0.0016131237072108,-0.0048707588958868,0.5611999999999999
-0.0055265069352689,-0.0025403247245797,-0.0030760244587428,0.0041418095819955,0.3785282663762409,0.5307573734009137,0.547715718981242,-0.3929555088105692,-0.0030760244587428,0.0041418095819955,-0.0055265069352689,-0.0025403247245797,0.547715718981242,-0.3929555088105692,0.3785282663762409,0.5307573734009137,0.3785282663762409,0.5307573734009137,0.547715718981242,-0.3929555088105692,-0.0055265069352689,-0.0025403247245797,-0.0030760244587428,0.0041418095819955,0.547715718981242,-0.3929555088105692,0.3785282663762409,0.5307573734009137,-0.0030760244587428,0.0041418095819955,-0.0055265069352689,-0.0025403247245797,0.5612999999999999
-0.0057879314271669,0.0020974471528411,0.0016754878448785,0.0048682588693261,0.6203290146907509,0.1997447600062956,0.2044641113233051,-0.6422125337647622,0.0016754878448785,0.0048682588693261,-0.0057879314271669,0.0020974471528411,0.2044641113233051,-0.6422125337647622,0.6203290146907509,0.1997447600062956,0.6203290146907509,0.1997447600062956,0.2044641113233051,-0.6422125337647622,-0.0057879314271669,0.0020974471528411,0.0016754878448785,0.0048682588693261,0.2044641113233051,-0.6422125337647622,0.6203290146907509,0.1997447600062956,0.0016754878448785,0.0048682588693261,-0.0057879314271669,0.0020974471528411,0.5613999999999999
-0.0020347534521114,0.0049663824193972,0.0049573440788146,0.0013444123021594,0.6167587278216698,-0.2100950789714371,-0.2195667887647959,-0.6371280793410511,0.0049573440788146,0.0013444123021594,-0.0020347534521114,0.0049663824193972,-0.2195667887647959,-0.6371280793410511,0.6167587278216698,-0.2100950789714371,0.6167587278216698,-0.2100950789714371,-0.2195667887647959,-0.6371280793410511,-0.0020347534521114,0.0049663824193972,0.0049573440788146,0.0013444123021594,-0.2195667887647959,-0.6371280793410511,0.6167587278216698,-0.2100950789714371,0.0049573440788146,0.0013444123021594,-0.0020347534521114,0.0049663824193972,0.5615
0.0025066330814889,0.0034541956943336,0.003895748885088,-0.0033576381806408,0.3691679960571422,-0.5366477871812851,-0.556535235551767,-0.3798774748969358,0.003895748885088,-0.0033576381806408,0.0025066330814889,0.0034541956943336,-0.556535235551767,-0.3798774748969358,0.3691679960571422,-0.5366477871812851,0.3691679960571422,-0.5366477871812851,-0.556535235551767,-0.3798774748969358,0.0025066330814889,0.0034541956943336,0.003895748885088,-0.0033576381806408,-0.556535235551767,-0.3798774748969358,0.3691679960571422,-0.5366477871812851,0.003895748885088,-0.0033576381806408,0.0025066330814889,0.0034541956943336,0.5616
0.0038105892956126,-0.0012015016570195,-0.0005865069060202,-0.005136062453416,-0.0242736755423968,-0.6505364887396422,-0.6731398068674009,0.027551185344398,-0.0005865069060202,-0.005136062453416,0.0038105892956126,-0.0012015016570195,-0.6731398068674009,0.027551185344398,-0.0242736755423968,-0.6505364887396422,-0.0242736755423968,-0.6505364887396422,-0.6731398068674009,0.027551185344398,0.0038105892956126,-0.0012015016570195,-0.0005865069060202,-0.005136062453416,-0.6731398068674009,0.027551185344398,-0.0242736755423968,-0.6505364887396422,-0.0005865069060202,-0.005136062453416,0.0038105892956126,-0.0012015016570195,0.5617
0.0006420870238689,-0.0049104588298238,-0.0045866316929319,-0.0024443659040992,-0.4073940639819501,-0.5069954054209486,-0.5234789091100167,0.423792002950329,-0.0045866316929319,-0.0024443659040992,0.0006420870238689,-0.0049104588298238,-0.5234789091100167,0.423792002950329,-0.4073940639819501,-0.5069954054209486,-0.4073940639819501,-0.5069954054209486,-0.5234789091100167,0.423792002950329,0.0006420870238689,-0.0049104588298238,-0.0045866316929319,-0.0024443659040992,-0.5234789091100167,0.423792002950329,-0.4073940639819501,-0.5069954054209486,-0.0045866316929319,-0.0024443659040992,0.0006420870238689,-0.0049104588298238,0.5618
-0.0042505578972598,-0.0043208203118759,-0.0046327271939222,0.0023744763350915,-0.6286730892209693,-0.1637199814800821,-0.1671358517674703,0.652206775747234,-0.0046327271939222,0.0023744763350915,-0.0042505578972598,-0.0043208203118759,-0.1671358517674703,0.652206775747234,-0.6286730892209693,-0.1637199814800821,-0.6286730892209693,-0.1637199814800821,-0.1671358517674703,0.652206775747234,-0.0042505578972598,-0.0043208203118759,-0.0046327271939222,0.0023744763350915,-0.1671358517674703,0.652206775747234,-0.6286730892209693,-0.1637199814800821,-0.0046327271939222,0.0023744763350915,-0.0042505578972598,-0.0043208203118759,0.5619
-0.006490478547926,0.0001425470542349,-0.0006924550093068,0.0051437277673627,-0.6016542582870673,0.2429596972465634,0.25476747980081,0.6229268622775768,-0.0006924550093068,0.0051437277673627,-0.006490478547926,0.0001425470542349,0.25476747980081,0.6229268622775768,-0.6016542582870673,0.2429596972465634,-0.6016542582870673,0.2429596972465634,0.25476747980081,0.6229268622775768,-0.006490478547926,0.0001425470542349,-0.0006924550093068,0.0051437277673627,0.25476747980081,0.6229268622775768,-0.6016542582870673,0.2429596972465634,-0.0006924550093068,0.0051437277673627,-0.006490478547926,0.0001425470542349,0.5619999999999999
-0.0039675623704642,0.0045489497624278,0.0038225768705136,0.0034753198868811,-0.3382376240510968,0.5529468943913293,0.5757040390726207,0.3480581905737734,0.0038225768705136,0.0034753198868811,-0.0039675623704642,0.0045489497624278,0.5757040390726207,0.3480581905737734,-0.3382376240510968,0.5529468943913293,-0.3382376240510968,0.5529468943913293,0.5757040390726207,0.3480581905737734,-0.0039675623704642,0.0045489497624278,0.0038225768705136,0.0034753198868811,0.5757040390726207,0.3480581905737734,-0.3382376240510968,0.5529468943913293,0.0038225768705136,0.0034753198868811,-0.0039675623704642,0.0045489497624278,0.5620999999999999
0.0011927789634048,0.0049032831025313,0.0050196989692286,-0.0011853772425243,0.0573731447646232,0.6451993259109828,0.6694795340266496,-0.0636059412192345,0.0050196989692286,-0.0011853772425243,0.0011927789634048,0.0049032831025313,0.6694795340266496,-0.0636059412192345,0.0573731447646232,0.6451993259109828,0.0573731447646232,0.6451993259109828,0.6694795340266496,-0.0636059412192345,0.0011927789634048,0.0049032831025313,0.0050196989692286,-0.0011853772425243,0.6694795340266496,-0.0636059412192345,0.0573731447646232,0.6451993259109828,0.0050196989692286,-0.0011853772425243,0.0011927789634048,0.0049032831025313,0.5621999999999999
0.0044256392432107,0.0007457907651593,0.0018721590905705,-0.0048256654922038,0.4299917292254754,0.4841335401308422,0.4996393395995321,-0.449814315417003,0.0018721590905705,-0.0048256654922038,0.0044256392432107,0.0007457907651593,0.4996393395995321,-0.449814315417003,0.4299917292254754,0.4841335401308422,0.4299917292254754,0.4841335401308422,0.4996393395995321,-0.449814315417003,0.0044256392432107,0.0007457907651593,0.0018721590905705,-0.0048256654922038,0.4996393395995321,-0.449814315417003,0.4299917292254754,0.4841335401308422,0.0018721590905705,-0.0048256654922038,0.0044256392432107,0.0007457907651593,0.5622999999999999
0.0027725869979763,-0.0043393593072295,-0.0029159623732214,-0.004318354914924,0.6336016887383906,0.1330188571976891,0.1334037240825144,-0.6587573896905546,-0.0029159623732214,-0.004318354914924,0.0027725869979763,-0.0043393593072295,0.1334037240825144,-0.6587573896905546,0.6336016887383906,0.1330188571976891,0.6336016887383906,0.1330188571976891,0.1334037240825144,-0.6587573896905546,0.0027725869979763,-0.0043393593072295,-0.0029159623732214,-0.004318354914924,0.1334037240825144,-0.6587573896905546,0.6336016887383906,0.1330188571976891,-0.0029159623732214,-0.004318354914924,0.0027725869979763,-0.0043393593072295,0.5624
-0.0024194625780328,-0.0058474990637942,-0.0052376405538963,-9.441275536912951e-05,0.5881390733255304,-0.2703134961463273,-0.2850352232052504,-0.608565627160735,-0.0052376405538963,-9.441275536912951e-05,-0.0024194625780328,-0.0058474990637942,-0.2850352232052504,-0.608565627160735,0.5881390733255304,-0.2703134961463273,0.5881390733255304,-0.2703134961463273,-0.2850352232052504,-0.608565627160735,-0.0024194625780328,-0.0058474990637942,-0.0052376405538963,-9.441275536912951e-05,-0.2850352232052504,-0.608565627160735,0.5881390733255304,-0.2703134961463273,-0.0052376405538963,-9.441275536912951e-05,-0.0024194625780328,-0.0058474990637942,0.5625
-0.0066131634323039,-0.0023737843166651,-0.0030964669483868,0.0042323246839819,0.3114324544785696,-0.5670961678473795,-0.5912319243172219,-0.319237395848227,-0.0030964669483868,0.0042323246839819,-0.0066131634323039,-0.0023737843166651,-0.5912319243172219,-0.319237395848227,0.3114324544785696,-0.5670961678473795,0.3114324544785696,-0.5670961678473795,-0.5912319243172219,-0.319237395848227,-0.0066131634323039,-0.0023737843166651,-0.0030964669483868,0.0042323246839819,-0.5912319243172219,-0.319237395848227,0.3114324544785696,-0.5670961678473795,-0.0030964669483868,0.0042323246839819,-0.0066131634323039,-0.0023737843166651,0.5626
-0.0060798262031462,0.0030718352177154,0.0016873170629877,0.0049529428712426,-0.0872417933439894,-0.6405300565150291,-0.66501067992021,0.0953628789384334,0.0016873170629877,0.0049529428712426,-0.0060798262031462,0.0030718352177154,-0.66501067992021,0.0953628789384334,-0.0872417933439894,-0.6405300565150291,-0.0872417933439894,-0.6405300565150291,-0.66501067992021,0.0953628789384334,-0.0060798262031462,0.0030718352177154,0.0016873170629877,0.0049529428712426,-0.66501067992021,0.0953628789384334,-0.0872417933439894,-0.6405300565150291,0.0016873170629877,0.0049529428712426,-0.0060798262031462,0.0030718352177154,0.5627
-0.0012396942870811,0.0056783376796953,0.0050244577402063,0.0014330605908321,-0.4506545853976937,-0.4624310253768889,-0.4776008857388589,0.4722816772894452,0.0050244577402063,0.0014330605908321,-0.0012396942870811,0.0056783376796953,-0.4776008857388589,0.4722816772894452,-0.4506545853976937,-0.4624310253768889,-0.4506545853976937,-0.4624310253768889,-0.4776008857388589,0.4722816772894452,-0.0012396942870811,0.0056783376796953,0.0050244577402063,0.0014330605908321,-0.4776008857388589,0.4722816772894452,-0.4506545853976937,-0.4624310253768889,0.0050244577402063,0.0014330605908321,-0.0012396942870811,0.0056783376796953,0.5628
0.0036518253114123,0.0030900353087466,0.0040449430684133,-0.0033322814714907,-0.6364720071230104,-0.1038640232206515,-0.1028849075741658,0.6635576379372362,0.0040449430684133,-0.0033322814714907,0.0036518253114123,0.0030900353087466,-0.1028849075741658,0.6635576379372362,-0.6364720071230104,-0.1038640232206515,-0.6364720071230104,-0.1038640232206515,-0.1028849075741658,0.6635576379372362,0.0036518253114123,0.0030900353087466,0.0040449430684133,-0.0033322814714907,-0.1028849075741658,0.6635576379372362,-0.6364720071230104,-0.1038640232206515,0.0040449430684133,-0.0033322814714907,0.0036518253114123,0.0030900353087466,0.5629
0.004231668988046,-0.0024679526339145,-0.0004380049566892,-0.0052626696179151,-0.5731007083129998,0.2941372463314394,0.311800943284757,0.5944176133656048,-0.0004380049566892,-0.0052626696179151,0.004231668988046,-0.0024679526339145,0.311800943284757,0.5944176133656048,-0.5731007083129998,0.2941372463314394,-0.5731007083129998,0.2941372463314394,0.311800943284757,0.5944176133656048,0.004231668988046,-0.0024679526339145,-0.0004380049566892,-0.0052626696179151,0.311800943284757,0.5944176133656048,-0.5731007083129998,0.2941372463314394,-0.0004380049566892,-0.0052626696179151,0.004231668988046,-0.0024679526339145,0.563
-0.0001060016778885,-0.0061007538657391,-0.0046007243318856,-0.0026827353642948,-0.2863889164696296,0.5764590892285693,0.6038235129830405,0.2924939823578439,-0.0046007243318856,-0.0026827353642948,-0.0001060016778885,-0.0061007538657391,0.6038235129830405,0.2924939823578439,-0.2863889164696296,0.5764590892285693,-0.2863889164696296,0.5764590892285693,0.6038235129830405,0.2924939823578439,-0.0001060016778885,-0.0061007538657391,-0.0046007243318856,-0.0026827353642948,0.6038235129830405,0.2924939823578439,-0.2863889164696296,0.5764590892285693,-0.0046007243318856,-0.0026827353642948,-0.0001060016778885,-0.0061007538657391,0.5630999999999999
-0.0056235265858774,-0.0045350414501128,-0.0048688013296108,0.0022235336441108,0.1115664476309028,0.6336867192884862,0.6591753890760692,-0.1234840245732154,-0.0048688013296108,0.0022235336441108,-0.0056235265858774,-0.0045350414501128,0.6591753890760692,-0.1234840245732154,0.1115664476309028,0.6336867192884862,0.1115664476309028,0.6336867192884862,0.6591753890760692,-0.1234840245732154,-0.0056235265858774,-0.0045350414501128,-0.0048688013296108,0.0022235336441108,0.6591753890760692,-0.1234840245732154,0.1115664476309028,0.6336867192884862,-0.0048688013296108,0.0022235336441108,-0.0056235265858774,-0.0045350414501128,0.5631999999999999
-0.0074750236535956,0.0009713486872153,-0.0009875789383763,0.0052615571820494,0.4658374931161348,0.4437270713455349,0.4567952815863549,-0.490680460508106,-0.0009875789383763,0.0052615571820494,-0.0074750236535956,0.0009713486872153,0.4567952815863549,-0.490680460508106,0.4658374931161348,0.4437270713455349,0.4658374931161348,0.4437270713455349,0.4567952815863549,-0.490680460508106,-0.0074750236535956,0.0009713486872153,-0.0009875789383763,0.0052615571820494,0.4567952815863549,-0.490680460508106,0.4658374931161348,0.4437270713455349,-0.0009875789383763,0.0052615571820494,-0.0074750236535956,0.0009713486872153,0.5632999999999999
-0.0039542726159233,0.0056691641059967,0.0037387915286719,0.0038156348511768,0.6382113678673161,0.0805241838065545,0.0762028358121842,-0.6658802047489047,0.0037387915286719,0.0038156348511768,-0.0039542726159233,0.0056691641059967,0.0762028358121842,-0.6658802047489047,0.6382113678673161,0.0805241838065545,0.6382113678673161,0.0805241838065545,0.0762028358121842,-0.6658802047489047,-0.0039542726159233,0.0056691641059967,0.0037387915286719,0.0038156348511768,0.0762028358121842,-0.6658802047489047,0.6382113678673161,0.0805241838065545,0.0037387915286719,0.0038156348511768,-0.0039542726159233,0.0056691641059967,0.5633999999999999
0.0019571086715438,0.005435372317568,0.0052655093595647,-0.0008977570449353,0.5611632339204763,-0.3140019948363456,-0.3338996091364765,-0.5810286598190623,0.0052655093595647,-0.0008977570449353,0.0019571086715438,0.005435372317568,-0.3338996091364765,-0.5810286598190623,0.5611632339204763,-0.3140019948363456,0.5611632339204763,-0.3140019948363456,-0.3338996091364765,-0.5810286598190623,0.0019571086715438,0.005435372317568,0.0052655093595647,-0.0008977570449353,-0.3338996091364765,-0.5810286598190623,0.5611632339204763,-0.3140019948363456,0.0052655093595647,-0.0008977570449353,0.0019571086715438,0.005435372317568,0.5635
0.0051292068073341,0.0004027300158253,0.0022733441670829,-0.0048590039508366,0.2650237588812328,-0.5853710058797563,-0.6135394250692934,-0.2694333586386795,0.0022733441670829,-0.0048590039508366,0.0051292068073341,0.0004027300158253,-0.6135394250692934,-0.2694333586386795,0.2650237588812328,-0.5853710058797563,0.2650237588812328,-0.5853710058797563,-0.6135394250692934,-0.2694333586386795,0.0051292068073341,0.0004027300158253,0.0022733441670829,-0.0048590039508366,-0.6135394250692934,-0.2694333586386795,0.2650237588812328,-0.5853710058797563,0.0022733441670829,-0.0048590039508366,0.0051292068073341,0.0004027300158253,0.5636
0.0027495521314854,-0.0050822998746975,-0.0026956775184918,-0.0046817861579925,-0.1337927903542681,-0.6277826756826218,-0.6536651803491174,0.1472307159109894,-0.0026956775184918,-0.0046817861579925,0.0027495521314854,-0.0050822998746975,-0.6536651803491174,0.1472307159109894,-0.1337927903542681,-0.6277826756826218,-0.1337927903542681,-0.6277826756826218,-0.6536651803491174,0.1472307159109894,0.0027495521314854,-0.0050822998746975,-0.0026956775184918,-0.0046817861579925,-0.6536651803491174,0.1472307159109894,-0.1337927903542681,-0.6277826756826218,-0.0026956775184918,-0.0046817861579925,0.0027495521314854,-0.0050822998746975,0.5637
-0.0031632635225443,-0.0062006809240785,-0.0054089913155879,-0.0005077406577701,-0.4793110165807495,-0.4257444407428824,-0.438727948822354,0.5062776417943469,-0.0054089913155879,-0.0005077406577701,-0.0031632635225443,-0.0062006809240785,-0.438727948822354,0.5062776417943469,-0.4793110165807495,-0.4257444407428824,-0.4793110165807495,-0.4257444407428824,-0.438727948822354,0.5062776417943469,-0.0031632635225443,-0.0062006809240785,-0.0054089913155879,-0.0005077406577701,-0.438727948822354,0.5062776417943469,-0.4793110165807495,-0.4257444407428824,-0.0054089913155879,-0.0005077406577701,-0.0031632635225443,-0.0062006809240785,0.5638
-0.0074422040904415,-0.0018908781498811,-0.0035537465934277,0.0041178359861892,-0.637630800715687,-0.0590481618553951,-0.0528631673591154,0.6676214701078305,-0.0035537465934277,0.0041178359861892,-0.0074422040904415,-0.0018908781498811,-0.0528631673591154,0.6676214701078305,-0.637630800715687,-0.0590481618553951,-0.637630800715687,-0.0590481618553951,-0.0528631673591154,0.6676214701078305,-0.0074422040904415,-0.0018908781498811,-0.0035537465934277,0.0041178359861892,-0.0528631673591154,0.6676214701078305,-0.637630800715687,-0.0590481618553951,-0.0035537465934277,0.0041178359861892,-0.0074422040904415,-0.0018908781498811,0.5639
-0.0062601276767868,0.0041410291464987,0.0013011739605242,0.0052672879170395,-0.5484038266160315,0.3295763972162071,0.3531459247364307,0.5686734531024206,0.0013011739605242,0.0052672879170395,-0.0062601276767868,0.0041410291464987,0.3531459247364307,0.5686734531024206,-0.5484038266160315,0.3295763972162071,-0.5484038266160315,0.3295763972162071,0.3531459247364307,0.5686734531024206,-0.0062601276767868,0.0041410291464987,0.0013011739605242,0.0052672879170395,0.3531459247364307,0.5686734531024206,-0.5484038266160315,0.3295763972162071,0.0013011739605242,0.0052672879170395,-0.0062601276767868,0.0041410291464987,0.564
-0.0005315871959234,0.0065920054653602,0.005045694373179,0.0019605705702647,-0.2469245259735879,0.5899231731683684,0.6211431491988019,0.2486037156174071,0.005045694373179,0.0019605705702647,-0.0005315871959234,0.0065920054653602,0.6211431491988019,0.2486037156174071,-0.2469245259735879,0.5899231731683684,-0.2469245259735879,0.5899231731683684,0.6211431491988019,0.2486037156174071,-0.0005315871959234,0.0065920054653602,0.005045694373179,0.0019605705702647,0.6211431491988019,0.2486037156174071,-0.2469245259735879,0.5899231731683684,0.005045694373179,0.0019605705702647,-0.0005315871959234,0.0065920054653602,0.5640999999999999
0.0047982762070409,0.003208059905323,0.0045090067515162,-0.0030145959539064,0.1500196832512734,0.6215510977338348,0.6473725631178973,-0.1675589089374458,0.0045090067515162,-0.0030145959539064,0.0047982762070409,0.003208059905323,0.6473725631178973,-0.1675589089374458,0.1500196832512734,0.6215510977338348,0.1500196832512734,0.6215510977338348,0.6473725631178973,-0.1675589089374458,0.0047982762070409,0.003208059905323,0.0045090067515162,-0.0030145959539064,0.6473725631178973,-0.1675589089374458,0.1500196832512734,0.6215510977338348,0.0045090067515162,-0.0030145959539064,0.0047982762070409,0.003208059905323,0.5641999999999999
0.00503818263197,-0.0031690497669839,0.0001305549874996,-0.005460391114844,0.4887479463226495,0.4121637426206644,0.4223352437550707,-0.5181299642552407,0.0001305549874996,-0.005460391114844,0.00503818263197,-0.0031690497669839,0.4223352437550707,-0.5181299642552407,0.4887479463226495,0.4121637426206644,0.4887479463226495,0.4121637426206644,0.4223352437550707,-0.5181299642552407,0.00503818263197,-0.0031690497669839,0.0001305549874996,-0.005460391114844,0.4223352437550707,-0.5181299642552407,0.4887479463226495,0.4121637426206644,0.0001305549874996,-0.005460391114844,0.00503818263197,-0.0031690497669839,0.5642999999999999
-0.0001103636554797,-0.0070177347392512,-0.0044123132639063,-0.0033013085796612,0.6377444437983268,0.0428762805182428,0.0337333599991132,-0.6674663666071528,-0.0044123132639063,-0.0033013085796612,-0.0001103636554797,-0.0070177347392512,0.0337333599991132,-0.6674663666071528,0.6377444437983268,0.0428762805182428,0.6377444437983268,0.0428762805182428,0.0337333599991132,-0.6674663666071528,-0.0001103636554797,-0.0070177347392512,-0.0044123132639063,-0.0033013085796612,0.0337333599991132,-0.6674663666071528,0.6377444437983268,0.0428762805182428,-0.0044123132639063,-0.0033013085796612,-0.0001103636554797,-0.0070177347392512,0.5644
-0.006225085784833,-0.0049559389839725,-0.0052897179420449,0.0016701299882307,0.5391138029657364,-0.342725139382299,-0.3677941030025232,-0.5579872005442184,-0.0052897179420449,0.0016701299882307,-0.006225085784833,-0.0049559389839725,-0.3677941030025232,-0.5579872005442184,0.5391138029657364,-0.342725139382299,0.5391138029657364,-0.342725139382299,-0.3677941030025232,-0.5579872005442184,-0.006225085784833,-0.0049559389839725,-0.0052897179420449,0.0016701299882307,-0.3677941030025232,-0.5579872005442184,0.5391138029657364,-0.342725139382299,-0.0052897179420449,0.0016701299882307,-0.006225085784833,-0.0049559389839725,0.5645
-0.0079904262765039,0.0012625193039377,-0.0017330870260256,0.0052846199939855,0.2316451792230917,-0.5947352470545159,-0.6267058341609433,-0.2321622262542815,-0.0017330870260256,0.0052846199939855,-0.0079904262765039,0.0012625193039377,-0.6267058341609433,-0.2321622262542815,0.2316451792230917,-0.5947352470545159,0.2316451792230917,-0.5947352470545159,-0.6267058341609433,-0.2321622262542815,-0.0079904262765039,0.0012625193039377,-0.0017330870260256,0.0052846199939855,-0.6267058341609433,-0.2321622262542815,0.2316451792230917,-0.5947352470545159,-0.0017330870260256,0.0052846199939855,-0.0079904262765039,0.0012625193039377,0.5646
-0.0038477919480633,0.0062371764107244,0.0033010524185491,0.004480559249261,-0.1646364007407034,-0.6159040927276195,-0.642566104572354,0.1836993217089806,0.0033010524185491,0.004480559249261,-0.0038477919480633,0.0062371764107244,-0.642566104572354,0.1836993217089806,-0.1646364007407034,-0.6159040927276195,-0.1646364007407034,-0.6159040927276195,-0.642566104572354,0.1836993217089806,-0.0038477919480633,0.0062371764107244,0.0033010524185491,0.004480559249261,-0.642566104572354,0.1836993217089806,-0.1646364007407034,-0.6159040927276195,0.0033010524185491,0.004480559249261,-0.0038477919480633,0.0062371764107244,0.5647
0.0026152363896871,0.0056169457499877,0.0055804921042456,-0.0001143764707685,-0.4961216706355282,-0.3991995277636843,-0.4092426728274957,0.5281702674280223,0.0055804921042456,-0.0001143764707685,0.0026152363896871,0.0056169457499877,-0.4092426728274957,0.5281702674280223,-0.4961216706355282,-0.3991995277636843,-0.4961216706355282,-0.3991995277636843,-0.4092426728274957,0.5281702674280223,0.0026152363896871,0.0056169457499877,0.0055804921042456,-0.0001143764707685,-0.4092426728274957,0.5281702674280223,-0.4961216706355282,-0.3991995277636843,0.0055804921042456,-0.0001143764707685,0.0026152363896871,0.0056169457499877,0.5648
0.0057658317481368,-9.960820981676565e-05,0.0031425207112059,-0.0046670552705382,-0.6354975037375068,-0.0292952427813439,-0.0175708424574621,0.6676297466985319,0.0031425207112059,-0.0046670552705382,0.0057658317481368,-9.960820981676565e-05,-0.0175708424574621,0.6676297466985319,-0.6354975037375068,-0.0292952427813439,-0.6354975037375068,-0.0292952427813439,-0.0175708424574621,0.6676297466985319,0.0057658317481368,-9.960820981676565e-05,0.0031425207112059,-0.0046670552705382,-0.0175708424574621,0.6676297466985319,-0.6354975037375068,-0.0292952427813439,0.0031425207112059,-0.0046670552705382,0.0057658317481368,-9.960820981676565e-05,0.5649
0.0028157232076458,-0.005976728554622,-0.0020182514469963,-0.0053241135009316,-0.5300277494508607,0.3511227272395242,0.3802653444496743,0.5485191605956021,-0.0020182514469963,-0.0053241135009316,0.0028157232076458,-0.005976728554622,0.3802653444496743,0.5485191605956021,-0.5300277494508607,0.3511227272395242,-0.5300277494508607,0.3511227272395242,0.3802653444496743,0.5485191605956021,0.0028157232076458,-0.005976728554622,-0.0020182514469963,-0.0053241135009316,0.3802653444496743,0.5485191605956021,-0.5300277494508607,0.3511227272395242,-0.0020182514469963,-0.0053241135009316,0.0028157232076458,-0.005976728554622,0.565
-0.0037505395136246,-0.0069036734339246,-0.0055704527965171,-0.001468588297262,-0.220734582930248,0.5960521694337345,0.6304468230108002,0.2177659034033914,-0.0055704527965171,-0.001468588297262,-0.0037505395136246,-0.0069036734339246,0.6304468230108002,0.2177659034033914,-0.220734582930248,0.5960521694337345,-0.220734582930248,0.5960521694337345,0.6304468230108002,0.2177659034033914,-0.0037505395136246,-0.0069036734339246,-0.0055704527965171,-0.001468588297262,0.6304468230108002,0.2177659034033914,-0.220734582930248,0.5960521694337345,-0.0055704527965171,-0.001468588297262,-0.0037505395136246,-0.0069036734339246,0.5650999999999999
-0.0083027040240486,-0.0020103453128306,-0.0044744749922238,0.0036997558440076,0.1734796366921133,0.6114375398755453,0.6370704763184697,-0.1963703311948749,-0.0044744749922238,0.0036997558440076,-0.0083027040240486,-0.0020103453128306,0.6370704763184697,-0.1963703311948749,0.1734796366921133,0.6114375398755453,0.1734796366921133,0.6114375398755453,0.6370704763184697,-0.1963703311948749,-0.0083027040240486,-0.0020103453128306,-0.0044744749922238,0.0036997558440076,0.6370704763184697,-0.1963703311948749,0.1734796366921133,0.6114375398755453,-0.0044744749922238,0.0036997558440076,-0.0083027040240486,-0.0020103453128306,0.5651999999999999
-0.0069014508123252,0.0045657131574063,0.0004124470413422,0.0058118190776809,0.5008492441162269,0.391179888693204,0.3982891565466044,-0.5343648414057801,0.0004124470413422,0.0058118190776809,-0.0069014508123252,0.0045657131574063,0.3982891565466044,-0.5343648414057801,0.5008492441162269,0.391179888693204,0.5008492441162269,0.391179888693204,0.3982891565466044,-0.5343648414057801,-0.0069014508123252,0.0045657131574063,0.0004124470413422,0.0058118190776809,0.3982891565466044,-0.5343648414057801,0.5008492441162269,0.391179888693204,0.0004124470413422,0.0058118190776809,-0.0069014508123252,0.0045657131574063,0.5652999999999999
-0.000690856831595,0.0072088269000479,0.0049947177021102,0.0030254451836878,0.6349615329110754,0.0201736409736693,0.006240168597666,-0.6664275194105814,0.0049947177021102,0.0030254451836878,-0.000690856831595,0.0072088269000479,0.006240168597666,-0.6664275194105814,0.6349615329110754,0.0201736409736693,0.6349615329110754,0.0201736409736693,0.006240168597666,-0.6664275194105814,-0.000690856831595,0.0072088269000479,0.0049947177021102,0.0030254451836878,0.006240168597666,-0.6664275194105814,0.6349615329110754,0.0201736409736693,0.0049947177021102,0.0030254451836878,-0.000690856831595,0.0072088269000479,0.5653999999999999
0.0050509885512605,0.0036316356352925,0.0053719862688645,-0.002360998582626,0.5241683078540498,-0.3581127507036569,-0.3882622381814379,-0.5417767109262747,0.0053719862688645,-0.002360998582626,0.0050509885512605,0.0036316356352925,-0.3882622381814379,-0.5417767109262747,0.5241683078540498,-0.3581127507036569,0.5241683078540498,-0.3581127507036569,-0.3882622381814379,-0.5417767109262747,0.0050509885512605,0.0036316356352925,0.0053719862688645,-0.002360998582626,-0.3882622381814379,-0.5417767109262747,0.5241683078540498,-0.3581127507036569,0.0053719862688645,-0.002360998582626,0.0050509885512605,0.0036316356352925,0.5654999999999999
0.0054026233864174,-0.00313831429783,0.0011684356743365,-0.0058029847655691,0.2119247442639329,-0.5977011405103958,-0.633213181016453,-0.2082652882446037,0.0011684356743365,-0.0058029847655691,0.0054026233864174,-0.00313831429783,-0.633213181016453,-0.2082652882446037,0.2119247442639329,-0.5977011405103958,0.2119247442639329,-0.5977011405103958,-0.633213181016453,-0.2082652882446037,0.0054026233864174,-0.00313831429783,0.0011684356743365,-0.0058029847655691,-0.633213181016453,-0.2082652882446037,0.2119247442639329,-0.5977011405103958,0.0011684356743365,-0.0058029847655691,0.0054026233864174,-0.00313831429783,0.5656
2.237686190288017e-05,-0.0073019211939404,-0.004098274369738,-0.0043546837703149,-0.1807510468029509,-0.6070877201405237,-0.6340192237196243,0.2054992480213791,-0.004098274369738,-0.0043546837703149,2.237686190288017e-05,-0.0073019211939404,-0.6340192237196243,0.2054992480213791,-0.1807510468029509,-0.6070877201405237,-0.1807510468029509,-0.6070877201405237,-0.6340192237196243,0.2054992480213791,2.237686190288017e-05,-0.0073019211939404,-0.004098274369738,-0.0043546837703149,-0.6340192237196243,0.2054992480213791,-0.1807510468029509,-0.6070877201405237,-0.004098274369738,-0.0043546837703149,2.237686190288017e-05,-0.0073019211939404,0.5657
-0.0065034388922349,-0.0052339028812054,-0.0059710176039917,0.0008029532993037,-0.5030171548628227,-0.3838931888889215,-0.39053755184387,0.5397377220493016,-0.0059710176039917,0.0008029532993037,-0.0065034388922349,-0.0052339028812054,-0.39053755184387,0.5397377220493016,-0.5030171548628227,-0.3838931888889215,-0.5030171548628227,-0.3838931888889215,-0.39053755184387,0.5397377220493016,-0.0065034388922349,-0.0052339028812054,-0.0059710176039917,0.0008029532993037,-0.39053755184387,0.5397377220493016,-0.5030171548628227,-0.3838931888889215,-0.0059710176039917,0.0008029532993037,-0.0065034388922349,-0.0052339028812054,0.5658
-0.0085357017472828,0.0013687644797819,-0.0028369420715838,0.005332197666375,-0.6321581323834448,-0.0143959737551179,0.0028205271596649,0.6657693751282941,-0.0028369420715838,0.005332197666375,-0.0085357017472828,0.0013687644797819,0.0028205271596649,0.6657693751282941,-0.6321581323834448,-0.0143959737551179,-0.6321581323834448,-0.0143959737551179,0.0028205271596649,0.6657693751282941,-0.0085357017472828,0.0013687644797819,-0.0028369420715838,0.005332197666375,0.0028205271596649,0.6657693751282941,-0.6321581323834448,-0.0143959737551179,-0.0028369420715838,0.005332197666375,-0.0085357017472828,0.0013687644797819,0.5659
-0.0042250900291021,0.0068648872517946,0.0026877176466444,0.0054017566851381,-0.519487472221021,0.3601223013249386,0.3942846954094114,0.53585894102832,0.0026877176466444,0.0054017566851381,-0.0042250900291021,0.0068648872517946,0.3942846954094114,0.53585894102832,-0.519487472221021,0.3601223013249386,-0.519487472221021,0.3601223013249386,0.3942846954094114,0.53585894102832,-0.0042250900291021,0.0068648872517946,0.0026877176466444,0.0054017566851381,0.3942846954094114,0.53585894102832,-0.519487472221021,0.3601223013249386,0.0026877176466444,0.0054017566851381,-0.0042250900291021,0.0068648872517946,0.566
0.0028270392151116,0.006471847734562,0.0059576794400391,0.0009300450861786,-0.2081950944147205,0.5967724001334312,0.6338157981021001,0.2008058572821255,0.0059576794400391,0.0009300450861786,0.0028270392151116,0.006471847734562,0.6338157981021001,0.2008058572821255,-0.2081950944147205,0.5967724001334312,-0.2081950944147205,0.5967724001334312,0.6338157981021001,0.2008058572821255,0.0028270392151116,0.006471847734562,0.0059576794400391,0.0009300450861786,0.6338157981021001,0.2008058572821255,-0.2081950944147205,0.5967724001334312,0.0059576794400391,0.0009300450861786,0.0028270392151116,0.006471847734562,0.5660999999999999
0.0065880721219555,0.0004150372810363,0.0042135046607304,-0.004341760145026,0.1827966072960348,0.6050013705713683,0.6303544037063585,-0.2106072098186284,0.0042135046607304,-0.004341760145026,0.0065880721219555,0.0004150372810363,0.6303544037063585,-0.2106072098186284,0.1827966072960348,0.6050013705713683,0.1827966072960348,0.6050013705713683,0.6303544037063585,-0.2106072098186284,0.0065880721219555,0.0004150372810363,0.0042135046607304,-0.004341760145026,0.6303544037063585,-0.2106072098186284,0.1827966072960348,0.6050013705713683,0.0042135046607304,-0.004341760145026,0.0065880721219555,0.0004150372810363,0.5661999999999999
0.0037743125505541,-0.0061851408253526,-0.0011007164955159,-0.0059949182347869,0.5036979553722019,0.3815033475058572,0.385721543330292,-0.541135062312249,-0.0011007164955159,-0.0059949182347869,0.0037743125505541,-0.0061851408253526,0.385721543330292,-0.541135062312249,0.5036979553722019,0.3815033475058572,0.5036979553722019,0.3815033475058572,0.385721543330292,-0.541135062312249,0.0037743125505541,-0.0061851408253526,-0.0011007164955159,-0.0059949182347869,0.385721543330292,-0.541135062312249,0.5036979553722019,0.3815033475058572,-0.0011007164955159,-0.0059949182347869,0.0037743125505541,-0.0061851408253526,0.5662999999999999
-0.0032671728938696,-0.0076744255938923,-0.0055524468785459,-0.0026330061173218,0.6314078955276373,0.0121145912479557,-0.0065140963317434,-0.6645670242541254,-0.0055524468785459,-0.0026330061173218,-0.0032671728938696,-0.0076744255938923,-0.0065140963317434,-0.6645670242541254,0.6314078955276373,0.0121145912479557,0.6314078955276373,0.0121145912479557,-0.0065140963317434,-0.6645670242541254,-0.0032671728938696,-0.0076744255938923,-0.0055524468785459,-0.0026330061173218,-0.0065140963317434,-0.6645670242541254,0.6314078955276373,0.0121145912479557,-0.0055524468785459,-0.0026330061173218,-0.0032671728938696,-0.0076744255938923,0.5663999999999999
-0.0085233380578057,-0.0027504704840127,-0.0054227866116696,0.0029589573212871,0.5173568734324017,-0.3612273562065719,-0.3963793060189709,-0.5335609076089414,-0.0054227866116696,0.0029589573212871,-0.0085233380578057,-0.0027504704840127,-0.3963793060189709,-0.5335609076089414,0.5173568734324017,-0.3612273562065719,0.5173568734324017,-0.3612273562065719,-0.3963793060189709,-0.5335609076089414,-0.0085233380578057,-0.0027504704840127,-0.0054227866116696,0.0029589573212871,-0.3963793060189709,-0.5335609076089414,0.5173568734324017,-0.3612273562065719,-0.0054227866116696,0.0029589573212871,-0.0085233380578057,-0.0027504704840127,0.5665
-0.0074809909267927,0.0043743742594849,-0.0007964343874126,0.0061346363612832,0.2060710919746117,-0.5956985489963442,-0.6344480964667862,-0.1981296309214825,-0.0007964343874126,0.0061346363612832,-0.0074809909267927,0.0043743742594849,-0.6344480964667862,-0.1981296309214825,0.2060710919746117,-0.5956985489963442,0.2060710919746117,-0.5956985489963442,-0.6344480964667862,-0.1981296309214825,-0.0074809909267927,0.0043743742594849,-0.0007964343874126,0.0061346363612832,-0.6344480964667862,-0.1981296309214825,0.2060710919746117,-0.5956985489963442,-0.0007964343874126,0.0061346363612832,-0.0074809909267927,0.0043743742594849,0.5666
-0.0010292755025599,0.0075785305305655,0.004508023355195,0.0042368755777661,-0.1828564989499294,-0.6025608300394554,-0.6293865167440599,0.2130269934163016,0.004508023355195,0.0042368755777661,-0.0010292755025599,0.0075785305305655,-0.6293865167440599,0.2130269934163016,-0.1828564989499294,-0.6025608300394554,-0.1828564989499294,-0.6025608300394554,-0.6293865167440599,0.2130269934163016,-0.0010292755025599,0.0075785305305655,0.004508023355195,0.0042368755777661,-0.6293865167440599,0.2130269934163016,-0.1828564989499294,-0.6025608300394554,0.004508023355195,0.0042368755777661,-0.0010292755025599,0.0075785305305655,0.5667
0.0052932354518783,0.0040972634988407,0.0060876124412704,-0.0011997379521924,-0.5012820196366395,-0.380248251185774,-0.3835084778753937,0.5421255879818093,0.0060876124412704,-0.0011997379521924,0.0052932354518783,0.0040972634988407,-0.3835084778753937,0.5421255879818093,-0.5012820196366395,-0.380248251185774,-0.5012820196366395,-0.380248251185774,-0.3835084778753937,0.5421255879818093,0.0052932354518783,0.0040972634988407,0.0060876124412704,-0.0011997379521924,-0.3835084778753937,0.5421255879818093,-0.5012820196366395,-0.380248251185774,0.0060876124412704,-0.0011997379521924,0.0052932354518783,0.0040972634988407,0.5668
0.0060546752016175,-0.0031051910432905,0.0025901140236416,-0.0056946306501916,-0.6287129695920057,-0.0138584809021192,0.0083519754911039,0.6634939978698744,0.0025901140236416,-0.0056946306501916,0.0060546752016175,-0.0031051910432905,0.0083519754911039,0.6634939978698744,-0.6287129695920057,-0.0138584809021192,-0.6287129695920057,-0.0138584809021192,0.0083519754911039,0.6634939978698744,0.0060546752016175,-0.0031051910432905,0.0025901140236416,-0.0056946306501916,0.0083519754911039,0.6634939978698744,-0.6287129695920057,-0.0138584809021192,0.0025901140236416,-0.0056946306501916,0.0060546752016175,-0.0031051910432905,0.5669
0.0005749192908506,-0.0078862824916567,-0.0031421476120754,-0.0054982652605214,-0.5172129439285599,0.3574788892075125,0.3961406630658697,0.5316935064149442,-0.0031421476120754,-0.0054982652605214,0.0005749192908506,-0.0078862824916567,0.3961406630658697,0.5316935064149442,-0.5172129439285599,0.3574788892075125,-0.5172129439285599,0.3574788892075125,0.3961406630658697,0.5316935064149442,0.0005749192908506,-0.0078862824916567,-0.0031421476120754,-0.0054982652605214,0.3961406630658697,0.5316935064149442,-0.5172129439285599,0.3574788892075125,-0.0031421476120754,-0.0054982652605214,0.0005749192908506,-0.0078862824916567,0.567
-0.0065178816934885,-0.0061695099298909,-0.0063723253267171,-0.0007023989886216,-0.2091690964309138,0.5928756739849906,0.6324543685772506,0.1978480712887016,-0.0063723253267171,-0.0007023989886216,-0.0065178816934885,-0.0061695099298909,0.6324543685772506,0.1978480712887016,-0.2091690964309138,0.5928756739849906,-0.2091690964309138,0.5928756739849906,0.6324543685772506,0.1978480712887016,-0.0065178816934885,-0.0061695099298909,-0.0063723253267171,-0.0007023989886216,0.6324543685772506,0.1978480712887016,-0.2091690964309138,0.5928756739849906,-0.0063723253267171,-0.0007023989886216,-0.0065178816934885,-0.0061695099298909,0.5670999999999999
-0.0092405688298932,0.0006154183526832,-0.0043643609016481,0.0047758916280775,0.1784128077965185,0.6027819924583693,0.6280860285863326,-0.2108163149647181,-0.0043643609016481,0.0047758916280775,-0.0092405688298932,0.0006154183526832,0.6280860285863326,-0.2108163149647181,0.1784128077965185,0.6027819924583693,0.1784128077965185,0.6027819924583693,0.6280860285863326,-0.2108163149647181,-0.0092405688298932,0.0006154183526832,-0.0043643609016481,0.0047758916280775,0.6280860285863326,-0.2108163149647181,0.1784128077965185,0.6027819924583693,-0.0043643609016481,0.0047758916280775,-0.0092405688298932,0.0006154183526832,0.5671999999999999
-0.0053068491198856,0.0067759240619961,0.0013064880941784,0.0063755231959842,0.4979593227853248,0.3833626061552947,0.3849703632255913,-0.5392323393600279,0.0013064880941784,0.0063755231959842,-0.0053068491198856,0.0067759240619961,0.3849703632255913,-0.5392323393600279,0.4979593227853248,0.3833626061552947,0.4979593227853248,0.3833626061552947,0.3849703632255913,-0.5392323393600279,-0.0053068491198856,0.0067759240619961,0.0013064880941784,0.0063755231959842,0.3849703632255913,-0.5392323393600279,0.4979593227853248,0.3833626061552947,0.0013064880941784,0.0063755231959842,-0.0053068491198856,0.0067759240619961,0.5672999999999999
0.0019798269395437,0.0071614610722861,0.0059721409460094,0.0026774327520334,0.6277751663319002,0.018427357613158,-0.0046562815025608,-0.6626412103567859,0.0059721409460094,0.0026774327520334,0.0019798269395437,0.0071614610722861,-0.0046562815025608,-0.6626412103567859,0.6277751663319002,0.018427357613158,0.6277751663319002,0.018427357613158,-0.0046562815025608,-0.6626412103567859,0.0019798269395437,0.0071614610722861,0.0059721409460094,0.0026774327520334,-0.0046562815025608,-0.6626412103567859,0.6277751663319002,0.018427357613158,0.0059721409460094,0.0026774327520334,0.0019798269395437,0.0071614610722861,0.5673999999999999
0.0065194154588745,0.0014663759918851,0.0056996528706852,-0.0033337640103082,0.5189415023234093,-0.3527621751947636,-0.3926465152261484,-0.5338527549998463,0.0056996528706852,-0.0033337640103082,0.0065194154588745,0.0014663759918851,-0.3926465152261484,-0.5338527549998463,0.5189415023234093,-0.3527621751947636,0.5189415023234093,-0.3527621751947636,-0.3926465152261484,-0.5338527549998463,0.0065194154588745,0.0014663759918851,0.0056996528706852,-0.0033337640103082,-0.3926465152261484,-0.5338527549998463,0.5189415023234093,-0.3527621751947636,0.0056996528706852,-0.0033337640103082,0.0065194154588745,0.0014663759918851,0.5674999999999999
0.004513139037484,-0.0055314552397403,0.0006085302675496,-0.0066613628283293,0.2137292660055041,-0.589300290047085,-0.6310687756817023,-0.2018382391009588,0.0006085302675496,-0.0066613628283293,0.004513139037484,-0.0055314552397403,-0.6310687756817023,-0.2018382391009588,0.2137292660055041,-0.589300290047085,0.2137292660055041,-0.589300290047085,-0.6310687756817023,-0.2018382391009588,0.004513139037484,-0.0055314552397403,0.0006085302675496,-0.0066613628283293,-0.6310687756817023,-0.2018382391009588,0.2137292660055041,-0.589300290047085,0.0006085302675496,-0.0066613628283293,0.004513139037484,-0.0055314552397403,0.5676
-0.0023707615947691,-0.0079536664969433,-0.005125365265528,-0.004448225748919,-0.1715081852980493,-0.6023547697519864,-0.629152722647747,0.2066028904479931,-0.005125365265528,-0.004448225748919,-0.0023707615947691,-0.0079536664969433,-0.629152722647747,0.2066028904479931,-0.1715081852980493,-0.6023547697519864,-0.1715081852980493,-0.6023547697519864,-0.629152722647747,0.2066028904479931,-0.0023707615947691,-0.0079536664969433,-0.005125365265528,-0.004448225748919,-0.629152722647747,0.2066028904479931,-0.1715081852980493,-0.6023547697519864,-0.005125365265528,-0.004448225748919,-0.0023707615947691,-0.0079536664969433,0.5677
-0.008367472508883,-0.0037187522796009,-0.0066887707523369,0.0015597219059873,-0.4911769453391109,-0.3879341886424765,-0.3882869787340481,0.5357951729210494,-0.0066887707523369,0.0015597219059873,-0.008367472508883,-0.0037187522796009,-0.3882869787340481,0.5357951729210494,-0.4911769453391109,-0.3879341886424765,-0.4911769453391109,-0.3879341886424765,-0.3882869787340481,0.5357951729210494,-0.008367472508883,-0.0037187522796009,-0.0066887707523369,0.0015597219059873,-0.3882869787340481,0.5357951729210494,-0.4911769453391109,-0.3879341886424765,-0.0066887707523369,0.0015597219059873,-0.008367472508883,-0.0037187522796009,0.5678
-0.0083965487862824,0.0036890225902312,-0.0026816231648198,0.0063777014898139,-0.6251004654336624,-0.0273849688907131,-0.0008210421200196,0.6611570038459292,-0.0026816231648198,0.0063777014898139,-0.0083965487862824,0.0036890225902312,-0.0008210421200196,0.6611570038459292,-0.6251004654336624,-0.0273849688907131,-0.6251004654336624,-0.0273849688907131,-0.0008210421200196,0.6611570038459292,-0.0083965487862824,0.0036890225902312,-0.0026816231648198,0.0063777014898139,-0.0008210421200196,0.6611570038459292,-0.6251004654336624,-0.0273849688907131,-0.0026816231648198,0.0063777014898139,-0.0083965487862824,0.0036890225902312,0.5679
-0.0023229988000521,0.00806741589273,0.0036232686081205,0.0059249792883224,-0.5230161681442618,0.3433529823938092,0.3861218185413838,0.5361575885803821,0.0036232686081205,0.0059249792883224,-0.0023229988000521,0.00806741589273,0.3861218185413838,0.5361575885803821,-0.5230161681442618,0.3433529823938092,-0.5230161681442618,0.3433529823938092,0.3861218185413838,0.5361575885803821,-0.0023229988000521,0.00806741589273,0.0036232686081205,0.0059249792883224,0.3861218185413838,0.5361575885803821,-0.5230161681442618,0.3433529823938092,0.0036232686081205,0.0059249792883224,-0.0023229988000521,0.00806741589273,0.568
0.0048500035717679,0.0056597788056854,0.0069548772556163,0.0004942792972359,-0.2233709978439147,0.5843963362700467,0.6266131347585898,0.2087820839106242,0.0069548772556163,0.0004942792972359,0.0048500035717679,0.0056597788056854,0.6266131347585898,0.2087820839106242,-0.2233709978439147,0.5843963362700467,-0.2233709978439147,0.5843963362700467,0.6266131347585898,0.2087820839106242,0.0048500035717679,0.0056597788056854,0.0069548772556163,0.0004942792972359,0.6266131347585898,0.2087820839106242,-0.2233709978439147,0.5843963362700467,0.0069548772556163,0.0004942792972359,0.0048500035717679,0.0056597788056854,0.5680999999999999
0.0070994426709839,-0.0016347128895617,0.0044652369989431,-0.0054195594375329,0.1606487355206121,0.6045393624708233,0.6302872028580752,-0.1972459252319923,0.0044652369989431,-0.0054195594375329,0.0070994426709839,-0.0016347128895617,0.6302872028580752,-0.1972459252319923,0.1606487355206121,0.6045393624708233,0.1606487355206121,0.6045393624708233,0.6302872028580752,-0.1972459252319923,0.0070994426709839,-0.0016347128895617,0.0044652369989431,-0.0054195594375329,0.6302872028580752,-0.1972459252319923,0.1606487355206121,0.6045393624708233,0.0044652369989431,-0.0054195594375329,0.0070994426709839,-0.0016347128895617,0.5681999999999999
0.0024525667465193,-0.007752791732666,-0.0018304417385302,-0.0068536980612063,0.4836648394191447,0.3962265944337727,0.3957983907890041,-0.5287666631793947,-0.0018304417385302,-0.0068536980612063,0.0024525667465193,-0.007752791732666,0.3957983907890041,-0.5287666631793947,0.4836648394191447,0.3962265944337727,0.4836648394191447,0.3962265944337727,0.3957983907890041,-0.5287666631793947,0.0024525667465193,-0.007752791732666,-0.0018304417385302,-0.0068536980612063,0.3957983907890041,-0.5287666631793947,0.4836648394191447,0.3962265944337727,-0.0018304417385302,-0.0068536980612063,0.0024525667465193,-0.007752791732666,0.5682999999999999
-0.0052595116763153,-0.0075240183560526,-0.0066954344759318,-0.0025543075829151,0.6235952502652272,0.038674699512764,0.0115827587700709,-0.6604407786054047,-0.0066954344759318,-0.0025543075829151,-0.0052595116763153,-0.0075240183560526,0.0115827587700709,-0.6604407786054047,0.6235952502652272,0.038674699512764,0.6235952502652272,0.038674699512764,0.0115827587700709,-0.6604407786054047,-0.0052595116763153,-0.0075240183560526,-0.0066954344759318,-0.0025543075829151,0.0115827587700709,-0.6604407786054047,0.6235952502652272,0.038674699512764,-0.0066954344759318,-0.0025543075829151,-0.0052595116763153,-0.0075240183560526,0.5683999999999999
-0.0095487074162024,-0.0010822864002843,-0.00604480538815,0.0039367618977156,0.5282236575609096,-0.3326597953145245,-0.3769982774001864,-0.542293835152127,-0.00604480538815,0.0039367618977156,-0.0095487074162024,-0.0010822864002843,-0.3769982774001864,-0.542293835152127,0.5282236575609096,-0.3326597953145245,0.5282236575609096,-0.3326597953145245,-0.3769982774001864,-0.542293835152127,-0.0095487074162024,-0.0010822864002843,-0.00604480538815,0.0039367618977156,-0.3769982774001864,-0.542293835152127,0.5282236575609096,-0.3326597953145245,-0.00604480538815,0.0039367618977156,-0.0095487074162024,-0.0010822864002843,0.5685
-0.0067503382960792,0.0061589560143456,-0.0003756084108234,0.0072193669027444,0.2344139745136615,-0.5779784147281266,-0.6227412558300965,-0.2191933989822236,-0.0003756084108234,0.0072193669027444,-0.0067503382960792,0.0061589560143456,-0.6227412558300965,-0.2191933989822236,0.2344139745136615,-0.5779784147281266,0.2344139745136615,-0.5779784147281266,-0.6227412558300965,-0.2191933989822236,-0.0067503382960792,0.0061589560143456,-0.0003756084108234,0.0072193669027444,-0.6227412558300965,-0.2191933989822236,0.2344139745136615,-0.5779784147281266,-0.0003756084108234,0.0072193669027444,-0.0067503382960792,0.0061589560143456,0.5686
0.000812575901715,0.0080464353706443,0.005628126172143,0.0045364998956046,-0.1467847040984158,-0.605740366708966,-0.6329338851809271,0.1861756436955699,0.005628126172143,0.0045364998956046,0.000812575901715,0.0080464353706443,-0.6329338851809271,0.1861756436955699,-0.1467847040984158,-0.605740366708966,-0.1467847040984158,-0.605740366708966,-0.6329338851809271,0.1861756436955699,0.000812575901715,0.0080464353706443,0.005628126172143,0.0045364998956046,-0.6329338851809271,0.1861756436955699,-0.1467847040984158,-0.605740366708966,0.005628126172143,0.0045364998956046,0.000812575901715,0.0080464353706443,0.5687
0.006742413686092,0.0029247817993313,0.0069808138576232,-0.0019233150896047,-0.472333899338818,-0.4062285454025252,-0.4045318378169434,0.5205035932370611,0.0069808138576232,-0.0019233150896047,0.006742413686092,0.0029247817993313,-0.4045318378169434,0.5205035932370611,-0.472333899338818,-0.4062285454025252,-0.472333899338818,-0.4062285454025252,-0.4045318378169434,0.5205035932370611,0.006742413686092,0.0029247817993313,0.0069808138576232,-0.0019233150896047,-0.4045318378169434,0.5205035932370611,-0.472333899338818,-0.4062285454025252,0.0069808138576232,-0.0019233150896047,0.006742413686092,0.0029247817993313,0.5688
0.0059830741144297,-0.0049179147806141,0.0025298849793047,-0.0068299067410313,-0.620469903781126,-0.0545333446284018,-0.0244599011604011,0.6582743682555935,0.0025298849793047,-0.0068299067410313,0.0059830741144297,-0.0049179147806141,-0.0244599011604011,0.6582743682555935,-0.620469903781126,-0.0545333446284018,-0.620469903781126,-0.0545333446284018,-0.0244599011604011,0.6582743682555935,0.0059830741144297,-0.0049179147806141,0.0025298849793047,-0.0068299067410313,-0.0244599011604011,0.6582743682555935,-0.620469903781126,-0.0545333446284018,0.0025298849793047,-0.0068299067410313,0.0059830741144297,-0.0049179147806141,0.5689
-0.0008783097881915,-0.0088675288658147,-0.0040827113776179,-0.0061119558672278,-0.5358001085667418,0.3175102001671019,0.3641023263621276,0.5485391244903776,-0.0040827113776179,-0.0061119558672278,-0.0008783097881915,-0.0088675288658147,0.3641023263621276,0.5485391244903776,-0.5358001085667418,0.3175102001671019,-0.5358001085667418,0.3175102001671019,0.3641023263621276,0.5485391244903776,-0.0008783097881915,-0.0088675288658147,-0.0040827113776179,-0.0061119558672278,0.3641023263621276,0.5485391244903776,-0.5358001085667418,0.3175102001671019,-0.0040827113776179,-0.0061119558672278,-0.0008783097881915,-0.0088675288658147,0.569
-0.0081049254357674,-0.0055818483528631,-0.0074104191626678,-0.0003177936380598,-0.2500637269972807,0.5703400621528452,0.615585090398552,0.2330450791656845,-0.0074104191626678,-0.0003177936380598,-0.0081049254357674,-0.0055818483528631,0.615585090398552,0.2330450791656845,-0.2500637269972807,0.5703400621528452,-0.2500637269972807,0.5703400621528452,0.615585090398552,0.2330450791656845,-0.0081049254357674,-0.0055818483528631,-0.0074104191626678,-0.0003177936380598,0.615585090398552,0.2330450791656845,-0.2500637269972807,0.5703400621528452,-0.0074104191626678,-0.0003177936380598,-0.0081049254357674,-0.0055818483528631,0.5690999999999999
-0.0096601590597267,0.0022027715300142,-0.0046761765776257,0.0058170230550376,0.129416493176659,0.6089969166709407,0.6359289765117278,-0.1698181115308787,-0.0046761765776257,0.0058170230550376,-0.0096601590597267,0.0022027715300142,0.6359289765117278,-0.1698181115308787,0.129416493176659,0.6089969166709407,0.129416493176659,0.6089969166709407,0.6359289765117278,-0.1698181115308787,-0.0096601590597267,0.0022027715300142,-0.0046761765776257,0.0058170230550376,0.6359289765117278,-0.1698181115308787,0.129416493176659,0.6089969166709407,-0.0046761765776257,0.0058170230550376,-0.0096601590597267,0.0022027715300142,0.5691999999999999
-0.0042704026625368,0.0080030439530526,0.0019298619418313,0.0072351545320088,0.4599766557134946,0.419136340483183,0.4174467615145315,-0.5089562422777297,0.0019298619418313,0.0072351545320088,-0.0042704026625368,0.0080030439530526,0.4174467615145315,-0.5089562422777297,0.4599766557134946,0.419136340483183,0.4599766557134946,0.419136340483183,0.4174467615145315,-0.5089562422777297,-0.0042704026625368,0.0080030439530526,0.0019298619418313,0.0072351545320088,0.4174467615145315,-0.5089562422777297,0.4599766557134946,0.419136340483183,0.0019298619418313,0.0072351545320088,-0.0042704026625368,0.0080030439530526,0.5692999999999999
0.003553541915538,0.0070281182607514,0.0070061922015517,0.0027075658338798,0.6176222632376888,0.0725102427131065,0.0420888244669857,-0.6568746203626351,0.0070061922015517,0.0027075658338798,0.003553541915538,0.0070281182607514,0.0420888244669857,-0.6568746203626351,0.6176222632376888,0.0725102427131065,0.6176222632376888,0.0725102427131065,0.0420888244669857,-0.6568746203626351,0.003553541915538,0.0070281182607514,0.0070061922015517,0.0027075658338798,0.0420888244669857,-0.6568746203626351,0.6176222632376888,0.0725102427131065,0.0070061922015517,0.0027075658338798,0.003553541915538,0.0070281182607514,0.5693999999999999
0.0073179344278194,0.000139160824049,0.0063406926920506,-0.0041130843419091,0.543858486572459,-0.3005137110857239,-0.3489098345647446,-0.55790570109907,0.0063406926920506,-0.0041130843419091,0.0073179344278194,0.000139160824049,-0.3489098345647446,-0.55790570109907,0.543858486572459,-0.3005137110857239,0.543858486572459,-0.3005137110857239,-0.3489098345647446,-0.55790570109907,0.0073179344278194,0.000139160824049,0.0063406926920506,-0.0041130843419091,-0.3489098345647446,-0.55790570109907,0.543858486572459,-0.3005137110857239,0.0063406926920506,-0.0041130843419091,0.0073179344278194,0.000139160824049,0.5694999999999999
0.0039332593486468,-0.0069197105659448,0.0003924192167475,-0.0076274191677914,0.2671436575273897,-0.5604778794969624,-0.6084339084345781,-0.2496122956051953,0.0003924192167475,-0.0076274191677914,0.0039332593486468,-0.0069197105659448,-0.6084339084345781,-0.2496122956051953,0.2671436575273897,-0.5604778794969624,0.2671436575273897,-0.5604778794969624,-0.6084339084345781,-0.2496122956051953,0.0039332593486468,-0.0069197105659448,0.0003924192167475,-0.0076274191677914,-0.6084339084345781,-0.2496122956051953,0.2671436575273897,-0.5604778794969624,0.0003924192167475,-0.0076274191677914,0.0039332593486468,-0.0069197105659448,0.5696
-0.0037722273471898,-0.0082969403796653,-0.00600806130591,-0.0048714859551023,-0.1086738447081333,-0.6109398969962457,-0.6394104593185522,0.1516436316518083,-0.00600806130591,-0.0048714859551023,-0.0037722273471898,-0.0082969403796653,-0.6394104593185522,0.1516436316518083,-0.1086738447081333,-0.6109398969962457,-0.1086738447081333,-0.6109398969962457,-0.6394104593185522,0.1516436316518083,-0.0037722273471898,-0.0082969403796653,-0.00600806130591,-0.0048714859551023,-0.6394104593185522,0.1516436316518083,-0.1086738447081333,-0.6109398969962457,-0.00600806130591,-0.0048714859551023,-0.0037722273471898,-0.0082969403796653,0.5697
-0.0094167996294202,-0.0028409825938326,-0.0075663675648141,0.0019846310092915,-0.4435357216068629,-0.4336894603217657,-0.431125214848755,0.4952843607009354,-0.0075663675648141,0.0019846310092915,-0.0094167996294202,-0.0028409825938326,-0.431125214848755,0.4952843607009354,-0.4435357216068629,-0.4336894603217657,-0.4435357216068629,-0.4336894603217657,-0.431125214848755,0.4952843607009354,-0.0094167996294202,-0.0028409825938326,-0.0075663675648141,0.0019846310092915,-0.431125214848755,0.4952843607009354,-0.4435357216068629,-0.4336894603217657,-0.0075663675648141,0.0019846310092915,-0.0094167996294202,-0.0028409825938326,0.5698
-0.0083119294230706,0.0049731817940095,-0.0028998024428851,0.0073285576167584,-0.6129534960437105,-0.0949384133059934,-0.0622488769649858,0.6532775603601909,-0.0028998024428851,0.0073285576167584,-0.0083119294230706,0.0049731817940095,-0.0622488769649858,0.6532775603601909,-0.6129534960437105,-0.0949384133059934,-0.6129534960437105,-0.0949384133059934,-0.0622488769649858,0.6532775603601909,-0.0083119294230706,0.0049731817940095,-0.0028998024428851,0.0073285576167584,-0.0622488769649858,0.6532775603601909,-0.6129534960437105,-0.0949384133059934,-0.0028998024428851,0.0073285576167584,-0.0083119294230706,0.0049731817940095,0.5699
-0.0013045211165308,0.008711250620442,0.0042301340420873,0.0066920425673877,-0.5538627385626607,0.2791623110368856,0.3293455638482198,0.5673310836458422,0.0042301340420873,0.0066920425673877,-0.0013045211165308,0.008711250620442,0.3293455638482198,0.5673310836458422,-0.5538627385626607,0.2791623110368856,-0.5538627385626607,0.2791623110368856,0.3293455638482198,0.5673310836458422,-0.0013045211165308,0.008711250620442,0.0042301340420873,0.0066920425673877,0.3293455638482198,0.5673310836458422,-0.5538627385626607,0.2791623110368856,0.0042301340420873,0.0066920425673877,-0.0013045211165308,0.008711250620442,0.57
